s 3 112
s 5 31
s 6 49
s 7 176
s 8 169
s 10 153
s 11 198
s 14 106
s 15 4
s 16 158
s 19 70
s 23 103
s 26 191
s 27 189
s 28 37
s 30 139
s 35 191
s 36 20
s 38 166
s 39 138
s 40 34
s 42 84
s 43 155
s 49 72
s 51 189
s 53 158
s 54 156
s 55 44
s 56 62
s 58 118
s 59 71
s 60 85
s 61 64
s 63 84
s 66 136
s 67 54
s 72 2
s 74 188
s 76 22
s 79 63
s 80 132
s 83 39
s 86 17
s 88 9
s 91 141
s 95 29
s 99 59
1 5 109
1 7 167
1 9 200
1 13 148
1 14 133
1 15 147
1 16 163
1 18 10
1 19 16
1 22 153
1 26 127
1 27 99
1 28 97
1 31 23
1 32 156
1 36 118
1 41 200
1 43 8
1 44 164
1 45 12
1 47 165
1 56 69
1 57 5
1 58 169
1 60 199
1 62 154
1 63 63
1 65 27
1 66 190
1 68 70
1 69 110
1 71 186
1 72 90
1 74 82
1 75 19
1 80 69
1 81 133
1 83 2
1 85 150
1 86 120
1 90 126
1 92 66
1 93 69
2 8 29
2 9 192
2 10 156
2 11 151
2 14 119
2 15 19
2 17 45
2 21 39
2 22 19
2 25 35
2 27 30
2 28 200
2 32 103
2 33 49
2 35 105
2 40 74
2 41 48
2 45 192
2 47 39
2 48 104
2 50 125
2 52 75
2 54 89
2 55 1
2 56 163
2 57 187
2 60 29
2 62 127
2 63 77
2 64 169
2 67 197
2 68 5
2 69 133
2 72 106
2 74 53
2 76 172
2 78 103
2 83 199
2 84 69
2 86 65
2 89 195
2 92 29
2 95 76
2 97 102
3 14 30
3 16 22
3 19 109
3 23 166
3 27 46
3 32 16
3 33 99
3 36 41
3 37 53
3 40 87
3 46 119
3 53 196
3 54 82
3 55 93
3 58 124
3 65 165
3 67 97
3 70 23
3 73 175
3 76 161
3 77 106
3 80 161
3 81 120
3 83 57
3 84 65
3 89 166
3 91 10
3 93 28
3 95 10
4 5 68
4 6 81
4 7 196
4 8 134
4 9 45
4 10 186
4 12 120
4 13 125
4 14 94
4 15 166
4 18 162
4 22 123
4 23 70
4 27 181
4 31 131
4 32 73
4 34 125
4 38 149
4 41 147
4 43 189
4 44 191
4 45 56
4 46 42
4 51 55
4 55 112
4 59 117
4 60 157
4 66 92
4 68 196
4 73 2
4 74 192
4 78 186
4 79 140
4 80 184
4 84 45
4 85 61
4 89 6
4 90 60
4 91 12
4 92 199
5 1 109
5 4 68
5 8 54
5 9 82
5 15 136
5 17 42
5 18 29
5 19 3
5 20 109
5 21 111
5 22 195
5 24 169
5 25 17
5 29 135
5 31 9
5 32 30
5 36 138
5 37 179
5 39 91
5 40 147
5 43 112
5 46 82
5 47 110
5 56 165
5 58 167
5 60 115
5 62 192
5 66 25
5 67 91
5 68 114
5 69 63
5 70 99
5 72 195
5 73 128
5 75 62
5 77 184
5 78 136
5 83 66
5 85 128
5 86 127
5 88 174
5 89 92
5 90 89
5 92 1
5 93 125
5 94 143
5 97 161
5 98 129
6 4 81
6 10 40
6 18 186
6 19 169
6 21 114
6 22 156
6 24 124
6 28 68
6 29 97
6 30 152
6 32 121
6 33 183
6 34 29
6 35 152
6 37 133
6 38 152
6 40 120
6 42 25
6 46 68
6 48 41
6 49 126
6 50 104
6 53 64
6 54 181
6 55 64
6 58 70
6 61 13
6 62 6
6 63 192
6 64 169
6 65 190
6 66 16
6 67 167
6 68 132
6 70 102
6 74 147
6 77 60
6 80 112
6 83 132
6 86 121
6 87 165
6 89 147
6 91 46
6 94 41
6 97 102
7 1 167
7 4 196
7 8 153
7 9 75
7 12 50
7 14 51
7 15 135
7 18 146
7 19 61
7 21 50
7 23 127
7 24 45
7 25 55
7 26 44
7 30 167
7 33 5
7 35 52
7 36 82
7 37 11
7 38 166
7 42 174
7 43 32
7 44 195
7 46 164
7 56 19
7 59 126
7 62 174
7 63 176
7 69 114
7 72 70
7 77 198
7 84 156
7 85 126
7 86 40
7 87 190
7 91 18
7 92 138
7 94 198
7 95 98
7 96 163
7 99 87
8 2 29
8 4 134
8 5 54
8 7 153
8 11 167
8 14 70
8 16 101
8 18 20
8 22 42
8 26 189
8 30 167
8 33 112
8 34 76
8 36 157
8 37 95
8 38 170
8 42 181
8 49 146
8 52 74
8 53 111
8 61 128
8 62 6
8 67 114
8 71 134
8 73 179
8 77 22
8 78 121
8 79 65
8 80 51
8 82 49
8 83 105
8 85 171
8 87 119
8 90 146
8 93 13
8 94 55
8 96 36
8 98 136
9 1 200
9 2 192
9 4 45
9 5 82
9 7 75
9 11 17
9 12 143
9 13 69
9 15 81
9 19 118
9 20 70
9 24 191
9 25 118
9 28 129
9 33 65
9 36 30
9 40 189
9 42 60
9 43 38
9 44 123
9 45 139
9 46 180
9 47 139
9 49 143
9 56 136
9 58 137
9 59 167
9 61 189
9 63 171
9 64 70
9 65 174
9 67 45
9 68 175
9 70 58
9 71 102
9 72 151
9 74 19
9 77 126
9 80 32
9 82 143
9 86 112
9 89 160
9 90 196
9 91 13
9 97 137
10 2 156
10 4 186
10 6 40
10 15 57
10 16 102
10 21 135
10 22 72
10 28 108
10 29 70
10 30 137
10 32 30
10 33 181
10 36 196
10 38 157
10 40 150
10 41 21
10 42 180
10 50 102
10 52 120
10 54 180
10 55 71
10 59 94
10 60 6
10 61 71
10 63 147
10 67 184
10 68 74
10 76 198
10 77 49
10 78 184
10 82 7
10 84 95
10 87 153
10 89 183
10 90 161
10 92 144
10 93 153
10 95 143
10 97 109
10 98 62
11 2 151
11 8 167
11 9 17
11 12 154
11 14 83
11 15 82
11 16 9
11 18 98
11 19 66
11 21 154
11 22 40
11 26 50
11 30 97
11 33 155
11 43 119
11 44 193
11 48 134
11 51 171
11 53 147
11 57 174
11 58 139
11 59 163
11 64 27
11 66 69
11 67 34
11 70 11
11 73 153
11 76 81
11 78 135
11 80 102
11 81 190
11 82 136
11 83 93
11 84 25
11 86 106
11 91 134
11 94 179
11 96 125
11 97 164
12 4 120
12 7 50
12 9 143
12 11 154
12 13 166
12 15 160
12 23 85
12 24 165
12 25 140
12 26 140
12 29 139
12 30 142
12 32 62
12 35 43
12 37 98
12 41 152
12 45 140
12 49 111
12 50 152
12 54 114
12 55 144
12 58 70
12 62 49
12 64 189
12 66 146
12 71 90
12 74 109
12 75 82
12 80 125
12 82 82
12 83 104
12 85 63
12 88 94
12 92 185
12 94 99
12 96 69
12 97 80
13 1 148
13 4 125
13 9 69
13 12 166
13 18 132
13 19 136
13 20 106
13 21 36
13 22 175
13 28 139
13 29 46
13 30 43
13 31 119
13 33 30
13 35 102
13 36 141
13 37 87
13 39 58
13 40 151
13 41 107
13 49 78
13 51 4
13 53 129
13 57 8
13 58 154
13 61 32
13 63 22
13 64 65
13 66 159
13 68 179
13 70 197
13 72 10
13 73 55
13 74 174
13 76 17
13 77 197
13 78 188
13 79 54
13 81 136
13 84 2
13 85 149
13 90 171
13 91 170
13 92 130
13 94 197
13 95 70
13 96 19
14 1 133
14 2 119
14 3 30
14 4 94
14 7 51
14 8 70
14 11 83
14 21 112
14 24 190
14 26 82
14 27 71
14 31 101
14 35 17
14 36 13
14 39 63
14 41 190
14 46 83
14 47 54
14 49 26
14 51 122
14 53 66
14 54 134
14 55 177
14 59 167
14 60 124
14 62 61
14 63 178
14 64 158
14 65 182
14 67 43
14 68 60
14 71 44
14 74 6
14 75 56
14 76 106
14 77 83
14 81 53
14 83 88
14 84 57
14 85 177
14 86 180
14 89 136
14 90 180
14 91 14
14 93 21
14 94 52
14 96 98
14 97 30
15 1 147
15 2 19
15 4 166
15 5 136
15 7 135
15 9 81
15 10 57
15 11 82
15 12 160
15 17 198
15 21 148
15 23 115
15 26 81
15 29 175
15 30 172
15 34 114
15 37 79
15 38 51
15 39 57
15 41 43
15 43 18
15 45 94
15 49 41
15 52 161
15 55 83
15 59 162
15 60 85
15 62 129
15 63 138
15 70 46
15 75 76
15 78 10
15 83 195
15 91 115
15 93 85
15 94 101
15 97 2
15 98 116
16 1 163
16 3 22
16 8 101
16 10 102
16 11 9
16 18 55
16 20 113
16 21 91
16 22 192
16 26 95
16 28 112
16 29 84
16 31 71
16 32 35
16 35 101
16 38 59
16 42 145
16 44 175
16 46 76
16 47 160
16 53 115
16 55 140
16 56 67
16 57 177
16 58 48
16 59 137
16 61 44
16 62 4
16 68 148
16 71 5
16 73 3
16 75 146
16 80 200
16 81 148
16 82 180
16 83 160
16 85 183
16 86 60
16 92 32
16 93 41
16 96 40
16 97 11
17 2 45
17 5 42
17 15 198
17 21 148
17 25 155
17 26 85
17 33 164
17 34 63
17 36 178
17 37 148
17 40 30
17 46 29
17 47 137
17 48 200
17 50 97
17 56 43
17 57 27
17 58 99
17 59 108
17 60 37
17 62 158
17 65 159
17 68 126
17 69 82
17 70 86
17 76 166
17 77 15
17 78 128
17 81 172
17 82 13
17 84 14
17 86 163
17 88 31
17 93 77
17 94 189
17 96 123
17 97 31
17 98 77
18 1 10
18 4 162
18 5 29
18 6 186
18 7 146
18 8 20
18 11 98
18 13 132
18 16 55
18 20 21
18 23 21
18 37 183
18 42 48
18 43 86
18 46 171
18 48 142
18 52 24
18 54 102
18 55 174
18 56 138
18 58 79
18 67 89
18 68 162
18 69 128
18 73 118
18 77 101
18 79 148
18 81 120
18 82 37
18 84 152
18 87 100
18 88 94
18 89 101
18 93 173
18 96 43
18 97 99
19 1 16
19 3 109
19 5 3
19 6 169
19 7 61
19 9 118
19 11 66
19 13 136
19 20 145
19 21 16
19 22 189
19 23 83
19 25 158
19 26 30
19 32 45
19 35 198
19 39 170
19 41 180
19 42 192
19 43 86
19 44 175
19 45 44
19 46 141
19 48 4
19 51 148
19 52 180
19 58 68
19 59 129
19 61 161
19 63 9
19 69 75
19 72 126
19 73 143
19 78 12
19 80 83
19 85 113
19 86 33
19 87 148
19 88 71
19 89 89
19 91 56
19 93 80
19 95 134
19 96 92
19 97 37
20 5 109
20 9 70
20 13 106
20 16 113
20 18 21
20 19 145
20 22 7
20 23 84
20 24 126
20 27 177
20 29 104
20 31 76
20 32 200
20 33 36
20 34 42
20 37 32
20 38 57
20 39 7
20 41 56
20 42 165
20 45 126
20 49 128
20 51 108
20 54 48
20 55 66
20 56 141
20 57 121
20 58 107
20 59 129
20 61 87
20 63 120
20 65 116
20 70 65
20 76 57
20 77 193
20 79 81
20 80 130
20 81 180
20 84 8
20 85 185
20 87 182
20 88 43
20 90 139
20 91 196
20 94 143
20 98 4
20 99 173
21 2 39
21 5 111
21 6 114
21 7 50
21 10 135
21 11 154
21 13 36
21 14 112
21 15 148
21 16 91
21 17 148
21 19 16
21 22 107
21 33 168
21 36 149
21 39 192
21 44 88
21 46 20
21 48 141
21 49 24
21 53 66
21 60 14
21 61 101
21 63 78
21 64 78
21 67 195
21 69 167
21 71 144
21 72 152
21 73 23
21 75 24
21 76 30
21 77 200
21 78 10
21 79 101
21 80 178
21 81 187
21 84 84
21 85 60
21 86 1
21 88 24
21 89 148
21 92 163
21 96 162
21 97 63
21 98 116
21 99 111
22 1 153
22 2 19
22 4 123
22 5 195
22 6 156
22 8 42
22 10 72
22 11 40
22 13 175
22 16 192
22 19 189
22 20 7
22 21 107
22 24 97
22 25 38
22 26 28
22 27 185
22 29 127
22 33 119
22 36 35
22 40 199
22 43 111
22 44 191
22 45 19
22 46 144
22 47 62
22 48 55
22 50 97
22 52 7
22 56 86
22 57 102
22 59 156
22 60 152
22 61 15
22 62 186
22 66 41
22 67 24
22 68 67
22 69 114
22 70 134
22 72 63
22 74 66
22 76 165
22 77 65
22 78 79
22 86 146
22 88 11
22 89 79
22 92 175
22 94 76
22 95 80
22 96 91
22 97 52
23 3 166
23 4 70
23 7 127
23 12 85
23 15 115
23 18 21
23 19 83
23 20 84
23 24 129
23 27 88
23 30 167
23 31 14
23 34 46
23 35 48
23 36 50
23 40 122
23 41 106
23 42 178
23 44 187
23 45 158
23 47 160
23 48 79
23 49 165
23 52 76
23 53 93
23 56 79
23 57 5
23 59 108
23 61 81
23 63 150
23 67 7
23 72 174
23 73 88
23 74 22
23 75 172
23 77 127
23 80 138
23 81 29
23 83 163
23 85 20
23 88 170
23 93 166
23 94 173
23 95 149
23 96 8
24 5 169
24 6 124
24 7 45
24 9 191
24 12 165
24 14 190
24 20 126
24 22 97
24 23 129
24 25 134
24 27 122
24 28 62
24 30 200
24 36 116
24 38 101
24 40 110
24 41 179
24 43 138
24 45 5
24 47 167
24 48 77
24 50 43
24 55 195
24 56 76
24 57 7
24 62 128
24 65 30
24 66 141
24 67 29
24 73 186
24 75 53
24 76 117
24 77 150
24 79 199
24 80 49
24 81 189
24 82 155
24 84 59
24 86 63
24 87 94
24 89 99
24 91 63
24 93 107
24 94 156
25 2 35
25 5 17
25 7 55
25 9 118
25 12 140
25 17 155
25 19 158
25 22 38
25 24 134
25 27 99
25 30 31
25 33 72
25 34 193
25 36 175
25 39 49
25 41 174
25 42 50
25 45 52
25 46 42
25 48 186
25 62 36
25 63 127
25 64 76
25 65 26
25 67 181
25 69 112
25 70 78
25 71 150
25 73 191
25 74 81
25 76 149
25 77 88
25 78 177
25 81 83
25 85 66
25 86 16
25 88 191
25 95 6
25 96 112
25 98 158
25 99 188
26 1 127
26 7 44
26 8 189
26 11 50
26 12 140
26 14 82
26 15 81
26 16 95
26 17 85
26 19 30
26 22 28
26 32 1
26 36 80
26 37 146
26 39 80
26 41 90
26 42 73
26 43 152
26 45 198
26 46 125
26 49 121
26 50 30
26 52 173
26 53 155
26 54 133
26 58 16
26 59 86
26 62 21
26 63 161
26 64 123
26 66 177
26 67 115
26 68 119
26 69 113
26 71 146
26 77 41
26 81 124
26 82 148
26 83 126
26 84 73
26 85 198
26 86 97
26 87 97
26 88 175
26 89 54
26 90 140
26 93 136
26 96 159
26 99 19
27 1 99
27 2 30
27 3 46
27 4 181
27 14 71
27 20 177
27 22 185
27 23 88
27 24 122
27 25 99
27 28 24
27 29 67
27 31 145
27 32 81
27 33 46
27 35 55
27 38 49
27 39 200
27 42 85
27 46 36
27 47 150
27 51 145
27 52 2
27 55 50
27 58 94
27 60 97
27 61 44
27 62 2
27 65 65
27 66 20
27 67 153
27 69 167
27 70 134
27 72 180
27 73 93
27 74 78
27 75 176
27 77 179
27 78 117
27 80 63
27 86 200
27 88 62
27 91 138
27 92 69
27 97 182
28 1 97
28 2 200
28 6 68
28 9 129
28 10 108
28 13 139
28 16 112
28 24 62
28 27 24
28 29 155
28 31 50
28 33 196
28 36 109
28 37 2
28 38 111
28 42 199
28 43 38
28 45 188
28 56 105
28 59 178
28 62 4
28 69 34
28 70 195
28 77 125
28 78 156
28 79 184
28 80 63
28 81 104
28 85 14
28 86 115
28 88 2
28 89 117
28 92 146
28 93 47
28 94 43
28 95 31
28 96 25
28 97 9
28 98 159
29 5 135
29 6 97
29 10 70
29 12 139
29 13 46
29 15 175
29 16 84
29 20 104
29 22 127
29 27 67
29 28 155
29 33 143
29 34 35
29 35 27
29 37 145
29 41 32
29 43 100
29 48 45
29 50 156
29 53 4
29 54 193
29 57 145
29 59 70
29 60 96
29 62 70
29 64 148
29 67 74
29 69 159
29 70 92
29 74 17
29 75 107
29 76 38
29 77 37
29 78 154
29 80 145
29 82 66
29 87 132
29 90 39
29 91 64
29 92 112
29 94 4
29 96 97
30 6 152
30 7 167
30 8 167
30 10 137
30 11 97
30 12 142
30 13 43
30 15 172
30 23 167
30 24 200
30 25 31
30 36 163
30 40 77
30 41 49
30 42 114
30 43 164
30 44 170
30 45 114
30 49 119
30 50 156
30 54 42
30 57 114
30 60 95
30 62 125
30 63 172
30 64 115
30 65 51
30 66 33
30 67 31
30 70 105
30 73 43
30 77 70
30 78 153
30 80 65
30 83 34
30 85 60
30 86 57
30 87 32
30 93 186
30 94 57
31 1 23
31 4 131
31 5 9
31 13 119
31 14 101
31 16 71
31 20 76
31 23 14
31 27 145
31 28 50
31 32 123
31 33 96
31 34 136
31 35 35
31 37 27
31 38 197
31 40 192
31 41 18
31 43 111
31 44 152
31 49 45
31 50 9
31 51 105
31 53 150
31 56 56
31 58 70
31 59 47
31 60 163
31 66 9
31 67 13
31 68 126
31 70 129
31 71 3
31 72 78
31 74 76
31 81 79
31 84 109
31 85 36
31 88 34
31 89 169
31 90 49
31 92 136
31 93 45
31 98 105
31 99 30
32 1 156
32 2 103
32 3 16
32 4 73
32 5 30
32 6 121
32 10 30
32 12 62
32 16 35
32 19 45
32 20 200
32 26 1
32 27 81
32 31 123
32 39 111
32 40 195
32 41 11
32 42 163
32 44 93
32 45 177
32 46 71
32 47 65
32 49 192
32 51 118
32 52 168
32 55 77
32 56 5
32 57 37
32 59 52
32 60 80
32 61 161
32 64 140
32 67 178
32 68 174
32 69 108
32 72 164
32 73 135
32 74 168
32 76 88
32 78 57
32 80 104
32 81 143
32 82 166
32 84 156
32 85 64
32 87 71
32 90 115
32 92 81
32 93 3
32 94 99
32 98 151
33 2 49
33 3 99
33 6 183
33 7 5
33 8 112
33 9 65
33 10 181
33 11 155
33 13 30
33 17 164
33 20 36
33 21 168
33 22 119
33 25 72
33 27 46
33 28 196
33 29 143
33 31 96
33 35 37
33 36 163
33 38 91
33 43 110
33 45 60
33 49 65
33 50 128
33 52 2
33 54 191
33 56 84
33 59 50
33 60 33
33 61 79
33 62 194
33 63 36
33 67 36
33 72 183
33 74 11
33 75 9
33 78 16
33 79 72
33 82 120
33 83 64
33 88 142
33 90 57
33 93 121
33 95 18
33 96 178
33 98 113
33 99 150
34 4 125
34 6 29
34 8 76
34 15 114
34 17 63
34 20 42
34 23 46
34 25 193
34 29 35
34 31 136
34 36 143
34 41 20
34 42 136
34 43 57
34 45 96
34 46 91
34 47 183
34 49 9
34 50 192
34 51 128
34 53 157
34 54 60
34 60 141
34 61 73
34 62 10
34 66 110
34 68 91
34 74 5
34 75 65
34 76 132
34 80 66
34 81 126
34 82 80
34 83 159
34 84 21
34 92 112
34 93 29
34 97 144
34 98 72
35 2 105
35 6 152
35 7 52
35 12 43
35 13 102
35 14 17
35 16 101
35 19 198
35 23 48
35 27 55
35 29 27
35 31 35
35 33 37
35 38 79
35 41 168
35 42 15
35 45 15
35 46 167
35 49 83
35 51 153
35 54 112
35 55 84
35 62 151
35 63 9
35 67 69
35 68 87
35 71 19
35 72 106
35 73 147
35 75 159
35 76 64
35 77 21
35 79 101
35 81 189
35 84 54
35 85 145
35 86 107
35 88 35
35 91 109
35 93 183
35 94 84
35 95 154
35 96 186
35 99 36
36 1 118
36 3 41
36 5 138
36 7 82
36 8 157
36 9 30
36 10 196
36 13 141
36 14 13
36 17 178
36 21 149
36 22 35
36 23 50
36 24 116
36 25 175
36 26 80
36 28 109
36 30 163
36 33 163
36 34 143
36 38 160
36 43 179
36 45 48
36 47 138
36 48 21
36 52 60
36 55 23
36 56 111
36 57 37
36 58 133
36 62 76
36 67 115
36 71 32
36 73 127
36 76 156
36 80 121
36 82 14
36 83 20
36 85 36
36 86 167
36 88 172
36 95 159
36 97 37
36 98 28
37 3 53
37 5 179
37 6 133
37 7 11
37 8 95
37 12 98
37 13 87
37 15 79
37 17 148
37 18 183
37 20 32
37 26 146
37 28 2
37 29 145
37 31 27
37 39 4
37 40 55
37 42 17
37 45 36
37 46 8
37 50 5
37 55 140
37 56 195
37 59 16
37 60 20
37 63 85
37 65 197
37 66 154
37 67 78
37 68 95
37 69 96
37 70 166
37 72 101
37 83 123
37 84 137
37 95 11
38 4 149
38 6 152
38 7 166
38 8 170
38 10 157
38 15 51
38 16 59
38 20 57
38 24 101
38 27 49
38 28 111
38 31 197
38 33 91
38 35 79
38 36 160
38 39 200
38 42 183
38 43 193
38 44 14
38 45 181
38 46 94
38 48 11
38 49 163
38 51 130
38 54 88
38 55 37
38 56 58
38 60 175
38 70 144
38 71 132
38 72 149
38 73 62
38 78 51
38 80 19
38 84 33
38 87 118
38 88 5
38 89 39
38 91 39
38 94 155
38 96 174
38 97 74
38 98 163
38 99 26
39 5 91
39 13 58
39 14 63
39 15 57
39 19 170
39 20 7
39 21 192
39 25 49
39 26 80
39 27 200
39 32 111
39 37 4
39 38 200
39 40 43
39 45 125
39 47 23
39 50 120
39 51 127
39 56 182
39 57 191
39 67 76
39 69 4
39 71 2
39 72 177
39 74 30
39 75 50
39 76 100
39 82 17
39 83 13
39 84 73
39 86 13
39 87 173
39 91 20
39 92 19
39 94 69
39 95 25
39 96 177
39 97 99
39 98 142
40 2 74
40 3 87
40 5 147
40 6 120
40 9 189
40 10 150
40 13 151
40 17 30
40 22 199
40 23 122
40 24 110
40 30 77
40 31 192
40 32 195
40 37 55
40 39 43
40 42 153
40 45 76
40 50 149
40 54 83
40 55 42
40 56 111
40 57 95
40 58 68
40 59 90
40 61 45
40 62 73
40 64 9
40 65 78
40 72 108
40 73 33
40 74 135
40 77 41
40 79 184
40 81 92
40 82 54
40 87 31
40 89 148
40 91 27
40 92 65
40 93 1
41 1 200
41 2 48
41 4 147
41 10 21
41 12 152
41 13 107
41 14 190
41 15 43
41 19 180
41 20 56
41 23 106
41 24 179
41 25 174
41 26 90
41 29 32
41 30 49
41 31 18
41 32 11
41 34 20
41 35 168
41 42 174
41 43 51
41 46 28
41 47 152
41 48 127
41 49 41
41 50 66
41 52 185
41 54 38
41 55 153
41 58 13
41 61 132
41 63 181
41 67 20
41 69 88
41 72 180
41 73 88
41 75 122
41 85 38
41 86 44
41 90 83
41 91 196
41 94 72
41 97 148
42 6 25
42 7 174
42 8 181
42 9 60
42 10 180
42 16 145
42 18 48
42 19 192
42 20 165
42 23 178
42 25 50
42 26 73
42 27 85
42 28 199
42 30 114
42 32 163
42 34 136
42 35 15
42 37 17
42 38 183
42 40 153
42 41 174
42 43 69
42 46 98
42 49 110
42 50 63
42 57 73
42 59 89
42 60 198
42 61 1
42 63 165
42 64 185
42 65 189
42 66 28
42 72 35
42 73 181
42 74 50
42 75 47
42 78 175
42 80 60
42 81 107
42 82 156
42 83 137
42 87 135
42 92 161
42 93 112
42 95 105
43 1 8
43 4 189
43 5 112
43 7 32
43 9 38
43 11 119
43 15 18
43 18 86
43 19 86
43 22 111
43 24 138
43 26 152
43 28 38
43 29 100
43 30 164
43 31 111
43 33 110
43 34 57
43 36 179
43 38 193
43 41 51
43 42 69
43 46 98
43 51 197
43 52 155
43 53 183
43 55 193
43 59 100
43 62 6
43 63 166
43 64 23
43 67 89
43 68 163
43 72 99
43 73 18
43 74 90
43 76 72
43 80 139
43 83 139
43 86 157
43 92 98
43 95 37
43 99 175
44 1 164
44 4 191
44 7 195
44 9 123
44 11 193
44 16 175
44 19 175
44 21 88
44 22 191
44 23 187
44 30 170
44 31 152
44 32 93
44 38 14
44 45 151
44 51 30
44 52 68
44 55 53
44 59 69
44 60 13
44 61 173
44 68 189
44 70 107
44 71 1
44 72 112
44 73 154
44 80 96
44 81 91
44 84 158
44 85 107
44 87 189
44 89 5
44 90 116
44 93 118
44 95 100
44 98 155
45 1 12
45 2 192
45 4 56
45 9 139
45 12 140
45 15 94
45 19 44
45 20 126
45 22 19
45 23 158
45 24 5
45 25 52
45 26 198
45 28 188
45 30 114
45 32 177
45 33 60
45 34 96
45 35 15
45 36 48
45 37 36
45 38 181
45 39 125
45 40 76
45 44 151
45 48 150
45 49 24
45 50 10
45 53 114
45 55 130
45 56 92
45 62 166
45 66 87
45 68 137
45 71 180
45 74 26
45 75 157
45 76 102
45 77 23
45 78 195
45 80 169
45 81 89
45 82 112
45 84 197
45 86 53
45 87 104
45 88 138
45 90 69
45 94 162
45 99 193
46 3 119
46 4 42
46 5 82
46 6 68
46 7 164
46 9 180
46 14 83
46 16 76
46 17 29
46 18 171
46 19 141
46 21 20
46 22 144
46 25 42
46 26 125
46 27 36
46 32 71
46 34 91
46 35 167
46 37 8
46 38 94
46 41 28
46 42 98
46 43 98
46 47 112
46 50 91
46 51 104
46 52 132
46 55 88
46 56 5
46 57 128
46 58 121
46 60 87
46 62 15
46 65 35
46 66 161
46 67 44
46 75 10
46 76 65
46 78 76
46 79 20
46 82 55
46 83 194
46 84 199
46 87 117
46 89 6
46 91 28
46 93 87
46 96 30
46 97 103
46 99 28
47 1 165
47 2 39
47 5 110
47 9 139
47 14 54
47 16 160
47 17 137
47 22 62
47 23 160
47 24 167
47 27 150
47 32 65
47 34 183
47 36 138
47 39 23
47 41 152
47 46 112
47 49 93
47 50 29
47 51 92
47 52 60
47 53 155
47 63 44
47 64 29
47 67 65
47 72 131
47 73 120
47 75 109
47 77 14
47 78 52
47 80 187
47 84 166
47 86 181
47 89 126
47 91 111
47 94 94
47 95 83
47 97 181
47 98 95
48 2 104
48 6 41
48 11 134
48 17 200
48 18 142
48 19 4
48 21 141
48 22 55
48 23 79
48 24 77
48 25 186
48 29 45
48 36 21
48 38 11
48 41 127
48 45 150
48 52 125
48 54 133
48 55 126
48 58 74
48 60 6
48 61 3
48 62 168
48 64 159
48 67 131
48 68 155
48 69 139
48 70 195
48 73 186
48 74 48
48 76 50
48 78 6
48 81 85
48 84 84
48 85 100
48 92 105
48 95 172
48 96 79
49 6 126
49 8 146
49 9 143
49 12 111
49 13 78
49 14 26
49 15 41
49 20 128
49 21 24
49 23 165
49 26 121
49 30 119
49 31 45
49 32 192
49 33 65
49 34 9
49 35 83
49 38 163
49 41 41
49 42 110
49 45 24
49 47 93
49 51 178
49 56 148
49 57 57
49 59 171
49 61 9
49 65 162
49 68 193
49 69 73
49 72 38
49 73 87
49 75 156
49 79 27
49 81 173
49 83 165
49 85 170
49 87 10
49 89 170
49 90 122
49 92 57
49 94 142
49 97 196
49 98 185
49 99 50
50 2 125
50 6 104
50 10 102
50 12 152
50 17 97
50 22 97
50 24 43
50 26 30
50 29 156
50 30 156
50 31 9
50 33 128
50 34 192
50 37 5
50 39 120
50 40 149
50 41 66
50 42 63
50 45 10
50 46 91
50 47 29
50 51 144
50 54 108
50 55 21
50 60 127
50 64 115
50 65 88
50 66 127
50 68 196
50 72 168
50 73 155
50 74 36
50 77 168
50 78 157
50 81 192
50 83 131
50 84 190
50 86 196
50 88 44
50 89 129
50 91 77
50 92 95
50 93 79
50 95 17
50 97 3
51 4 55
51 11 171
51 13 4
51 14 122
51 19 148
51 20 108
51 27 145
51 31 105
51 32 118
51 34 128
51 35 153
51 38 130
51 39 127
51 43 197
51 44 30
51 46 104
51 47 92
51 49 178
51 50 144
51 53 16
51 54 26
51 57 44
51 58 200
51 59 150
51 63 184
51 68 106
51 69 64
51 70 61
51 76 89
51 78 105
51 83 42
51 85 36
51 86 165
51 87 27
51 89 65
51 96 154
51 97 145
52 2 75
52 8 74
52 10 120
52 15 161
52 18 24
52 19 180
52 22 7
52 23 76
52 26 173
52 27 2
52 32 168
52 33 2
52 36 60
52 41 185
52 43 155
52 44 68
52 46 132
52 47 60
52 48 125
52 53 197
52 54 166
52 55 84
52 58 121
52 60 167
52 61 187
52 64 60
52 68 174
52 71 97
52 75 62
52 77 98
52 79 108
52 80 60
52 82 196
52 84 123
52 85 43
52 88 136
52 91 136
52 92 45
52 93 89
52 95 62
52 98 176
52 99 22
53 3 196
53 6 64
53 8 111
53 11 147
53 13 129
53 14 66
53 16 115
53 21 66
53 23 93
53 26 155
53 29 4
53 31 150
53 34 157
53 43 183
53 45 114
53 47 155
53 51 16
53 52 197
53 56 93
53 57 24
53 58 119
53 59 51
53 61 119
53 65 107
53 67 14
53 69 37
53 72 154
53 73 43
53 75 19
53 78 60
53 79 62
53 81 53
53 82 29
53 83 191
53 84 17
53 86 46
53 96 148
53 97 83
54 2 89
54 3 82
54 6 181
54 10 180
54 12 114
54 14 134
54 18 102
54 20 48
54 26 133
54 29 193
54 30 42
54 33 191
54 34 60
54 35 112
54 38 88
54 40 83
54 41 38
54 48 133
54 50 108
54 51 26
54 52 166
54 55 146
54 56 18
54 63 168
54 65 96
54 66 71
54 67 70
54 70 89
54 71 41
54 72 122
54 74 160
54 75 110
54 76 129
54 77 157
54 80 155
54 81 119
54 82 70
54 88 193
54 91 182
54 92 81
54 93 68
54 95 141
54 96 64
54 98 71
55 2 1
55 3 93
55 4 112
55 6 64
55 10 71
55 12 144
55 14 177
55 15 83
55 16 140
55 18 174
55 20 66
55 24 195
55 27 50
55 32 77
55 35 84
55 36 23
55 37 140
55 38 37
55 40 42
55 41 153
55 43 193
55 44 53
55 45 130
55 46 88
55 48 126
55 50 21
55 52 84
55 54 146
55 64 140
55 66 72
55 67 146
55 70 135
55 74 126
55 77 88
55 78 146
55 81 156
55 84 26
55 85 109
55 87 16
55 88 161
55 91 143
55 93 34
55 96 162
55 97 106
55 99 181
56 1 69
56 2 163
56 5 165
56 7 19
56 9 136
56 16 67
56 17 43
56 18 138
56 20 141
56 22 86
56 23 79
56 24 76
56 28 105
56 31 56
56 32 5
56 33 84
56 36 111
56 37 195
56 38 58
56 39 182
56 40 111
56 45 92
56 46 5
56 49 148
56 53 93
56 54 18
56 58 197
56 62 187
56 64 168
56 65 130
56 68 185
56 70 43
56 73 70
56 79 118
56 82 35
56 85 48
56 87 86
56 90 166
56 91 119
56 97 12
57 1 5
57 2 187
57 11 174
57 13 8
57 16 177
57 17 27
57 20 121
57 22 102
57 23 5
57 24 7
57 29 145
57 30 114
57 32 37
57 36 37
57 39 191
57 40 95
57 42 73
57 46 128
57 49 57
57 51 44
57 53 24
57 59 54
57 65 61
57 67 55
57 69 24
57 72 55
57 73 18
57 77 138
57 78 42
57 80 190
57 83 159
57 85 91
57 87 120
57 88 196
57 89 47
57 90 76
57 94 55
57 95 125
57 97 11
57 98 31
57 99 194
58 1 169
58 3 124
58 5 167
58 6 70
58 9 137
58 11 139
58 12 70
58 13 154
58 16 48
58 17 99
58 18 79
58 19 68
58 20 107
58 26 16
58 27 94
58 31 70
58 36 133
58 40 68
58 41 13
58 46 121
58 48 74
58 51 200
58 52 121
58 53 119
58 56 197
58 60 138
58 63 32
58 65 59
58 71 137
58 73 123
58 76 79
58 81 13
58 82 82
58 83 147
58 84 136
58 87 183
58 91 112
58 94 36
58 97 158
59 4 117
59 7 126
59 9 167
59 10 94
59 11 163
59 14 167
59 15 162
59 16 137
59 17 108
59 19 129
59 20 129
59 22 156
59 23 108
59 26 86
59 28 178
59 29 70
59 31 47
59 32 52
59 33 50
59 37 16
59 40 90
59 42 89
59 43 100
59 44 69
59 49 171
59 51 150
59 53 51
59 57 54
59 63 194
59 65 177
59 70 139
59 72 153
59 76 99
59 77 39
59 79 19
59 80 199
59 81 71
59 85 120
59 87 51
59 90 70
59 93 30
59 94 196
59 96 33
59 98 162
59 99 67
60 1 199
60 2 29
60 4 157
60 5 115
60 10 6
60 14 124
60 15 85
60 17 37
60 21 14
60 22 152
60 27 97
60 29 96
60 30 95
60 31 163
60 32 80
60 33 33
60 34 141
60 37 20
60 38 175
60 42 198
60 44 13
60 46 87
60 48 6
60 50 127
60 52 167
60 58 138
60 61 164
60 62 51
60 63 131
60 64 21
60 66 76
60 67 117
60 68 196
60 69 120
60 71 113
60 74 142
60 76 165
60 77 135
60 78 51
60 79 92
60 80 141
60 81 68
60 85 150
60 87 180
60 90 196
61 6 13
61 8 128
61 9 189
61 10 71
61 13 32
61 16 44
61 19 161
61 20 87
61 21 101
61 22 15
61 23 81
61 27 44
61 32 161
61 33 79
61 34 73
61 40 45
61 41 132
61 42 1
61 44 173
61 48 3
61 49 9
61 52 187
61 53 119
61 60 164
61 62 75
61 65 175
61 67 128
61 68 10
61 69 27
61 72 162
61 73 91
61 78 182
61 79 184
61 80 163
61 82 102
61 85 128
61 86 106
61 87 1
61 90 186
61 91 41
61 92 10
61 95 77
61 97 115
62 1 154
62 2 127
62 5 192
62 6 6
62 7 174
62 8 6
62 12 49
62 14 61
62 15 129
62 16 4
62 17 158
62 22 186
62 24 128
62 25 36
62 26 21
62 27 2
62 28 4
62 29 70
62 30 125
62 33 194
62 34 10
62 35 151
62 36 76
62 40 73
62 43 6
62 45 166
62 46 15
62 48 168
62 56 187
62 60 51
62 61 75
62 65 70
62 66 103
62 67 184
62 68 145
62 71 68
62 73 56
62 76 13
62 81 69
62 84 153
62 86 107
62 87 58
62 88 108
62 91 172
62 96 156
62 97 22
62 99 81
63 1 63
63 2 77
63 6 192
63 7 176
63 9 171
63 10 147
63 13 22
63 14 178
63 15 138
63 19 9
63 20 120
63 21 78
63 23 150
63 25 127
63 26 161
63 30 172
63 33 36
63 35 9
63 37 85
63 41 181
63 42 165
63 43 166
63 47 44
63 51 184
63 54 168
63 58 32
63 59 194
63 60 131
63 67 144
63 69 194
63 73 56
63 74 43
63 75 155
63 76 177
63 78 38
63 82 8
63 87 23
63 92 63
63 93 180
63 96 107
63 98 128
63 99 18
64 2 169
64 6 169
64 9 70
64 11 27
64 12 189
64 13 65
64 14 158
64 21 78
64 25 76
64 26 123
64 29 148
64 30 115
64 32 140
64 40 9
64 42 185
64 43 23
64 47 29
64 48 159
64 50 115
64 52 60
64 55 140
64 56 168
64 60 21
64 70 38
64 73 182
64 74 168
64 75 31
64 77 44
64 82 127
64 83 14
64 85 93
64 86 65
64 87 134
64 89 24
64 90 134
64 95 160
64 96 102
64 97 144
65 1 27
65 3 165
65 6 190
65 9 174
65 14 182
65 17 159
65 20 116
65 24 30
65 25 26
65 27 65
65 30 51
65 37 197
65 40 78
65 42 189
65 46 35
65 49 162
65 50 88
65 53 107
65 54 96
65 56 130
65 57 61
65 58 59
65 59 177
65 61 175
65 62 70
65 66 18
65 68 38
65 69 73
65 73 131
65 74 139
65 75 127
65 76 127
65 82 12
65 84 66
65 86 132
65 87 92
65 88 31
65 89 88
65 90 162
65 93 133
65 95 107
65 97 116
65 99 107
66 1 190
66 4 92
66 5 25
66 6 16
66 11 69
66 12 146
66 13 159
66 22 41
66 24 141
66 26 177
66 27 20
66 30 33
66 31 9
66 34 110
66 37 154
66 42 28
66 45 87
66 46 161
66 50 127
66 54 71
66 55 72
66 60 76
66 62 103
66 65 18
66 67 4
66 68 154
66 71 150
66 73 102
66 76 14
66 77 37
66 79 41
66 80 156
66 81 143
66 85 114
66 86 79
66 88 190
66 90 90
66 92 2
66 99 149
67 2 197
67 3 97
67 5 91
67 6 167
67 8 114
67 9 45
67 10 184
67 11 34
67 14 43
67 18 89
67 21 195
67 22 24
67 23 7
67 24 29
67 25 181
67 26 115
67 27 153
67 29 74
67 30 31
67 31 13
67 32 178
67 33 36
67 35 69
67 36 115
67 37 78
67 39 76
67 41 20
67 43 89
67 46 44
67 47 65
67 48 131
67 53 14
67 54 70
67 55 146
67 57 55
67 60 117
67 61 128
67 62 184
67 63 144
67 66 4
67 68 125
67 69 168
67 70 12
67 76 5
67 79 4
67 82 39
67 83 153
67 84 107
67 85 88
67 87 14
67 91 17
67 92 19
67 93 110
67 94 6
67 97 49
67 98 183
68 1 70
68 2 5
68 4 196
68 5 114
68 6 132
68 9 175
68 10 74
68 13 179
68 14 60
68 16 148
68 17 126
68 18 162
68 22 67
68 26 119
68 31 126
68 32 174
68 34 91
68 35 87
68 37 95
68 43 163
68 44 189
68 45 137
68 48 155
68 49 193
68 50 196
68 51 106
68 52 174
68 56 185
68 60 196
68 61 10
68 62 145
68 65 38
68 66 154
68 67 125
68 69 142
68 71 52
68 75 145
68 78 141
68 80 37
68 84 128
68 87 42
68 90 17
68 91 65
68 93 118
68 94 42
68 96 4
68 97 18
69 1 110
69 2 133
69 5 63
69 7 114
69 17 82
69 18 128
69 19 75
69 21 167
69 22 114
69 25 112
69 26 113
69 27 167
69 28 34
69 29 159
69 32 108
69 37 96
69 39 4
69 41 88
69 48 139
69 49 73
69 51 64
69 53 37
69 57 24
69 60 120
69 61 27
69 63 194
69 65 73
69 67 168
69 68 142
69 70 24
69 72 195
69 77 177
69 78 30
69 79 26
69 81 152
69 83 71
69 84 132
69 85 85
69 86 35
69 88 120
69 90 130
69 93 121
69 94 68
69 96 163
70 3 23
70 5 99
70 6 102
70 9 58
70 11 11
70 13 197
70 15 46
70 17 86
70 20 65
70 22 134
70 25 78
70 27 134
70 28 195
70 29 92
70 30 105
70 31 129
70 37 166
70 38 144
70 44 107
70 48 195
70 51 61
70 54 89
70 55 135
70 56 43
70 59 139
70 64 38
70 67 12
70 69 24
70 72 29
70 73 57
70 76 4
70 78 87
70 79 151
70 80 3
70 82 33
70 83 110
70 85 1
70 86 166
70 87 72
70 88 54
70 92 7
70 96 125
70 97 193
70 98 4
71 1 186
71 8 134
71 9 102
71 12 90
71 14 44
71 16 5
71 21 144
71 25 150
71 26 146
71 31 3
71 35 19
71 36 32
71 38 132
71 39 2
71 44 1
71 45 180
71 52 97
71 54 41
71 58 137
71 60 113
71 62 68
71 66 150
71 68 52
71 75 196
71 77 13
71 78 32
71 79 139
71 80 147
71 81 188
71 83 117
71 85 155
71 86 138
71 88 38
71 93 96
71 96 128
71 97 147
71 98 73
71 99 195
72 1 90
72 2 106
72 5 195
72 7 70
72 9 151
72 13 10
72 19 126
72 21 152
72 22 63
72 23 174
72 27 180
72 31 78
72 32 164
72 33 183
72 35 106
72 37 101
72 38 149
72 39 177
72 40 108
72 41 180
72 42 35
72 43 99
72 44 112
72 47 131
72 49 38
72 50 168
72 53 154
72 54 122
72 57 55
72 59 153
72 61 162
72 69 195
72 70 29
72 74 47
72 79 158
72 80 187
72 85 183
72 87 13
72 91 26
72 93 88
72 96 67
72 97 182
72 99 26
73 3 175
73 4 2
73 5 128
73 8 179
73 11 153
73 13 55
73 16 3
73 18 118
73 19 143
73 21 23
73 23 88
73 24 186
73 25 191
73 27 93
73 30 43
73 32 135
73 35 147
73 36 127
73 38 62
73 40 33
73 41 88
73 42 181
73 43 18
73 44 154
73 47 120
73 48 186
73 49 87
73 50 155
73 53 43
73 56 70
73 57 18
73 58 123
73 61 91
73 62 56
73 63 56
73 64 182
73 65 131
73 66 102
73 70 57
73 74 42
73 75 120
73 76 166
73 77 115
73 79 23
73 80 122
73 81 132
73 82 76
73 84 75
73 89 47
73 95 103
73 96 167
73 97 52
73 98 149
73 99 76
74 1 82
74 2 53
74 4 192
74 6 147
74 9 19
74 12 109
74 13 174
74 14 6
74 22 66
74 23 22
74 25 81
74 27 78
74 29 17
74 31 76
74 32 168
74 33 11
74 34 5
74 39 30
74 40 135
74 42 50
74 43 90
74 45 26
74 48 48
74 50 36
74 54 160
74 55 126
74 60 142
74 63 43
74 64 168
74 65 139
74 72 47
74 73 42
74 75 33
74 77 74
74 78 69
74 80 132
74 84 106
74 85 194
74 87 127
74 88 85
74 90 192
74 91 39
74 93 150
74 95 56
74 96 53
74 99 184
75 1 19
75 5 62
75 12 82
75 14 56
75 15 76
75 16 146
75 21 24
75 23 172
75 24 53
75 27 176
75 29 107
75 33 9
75 34 65
75 35 159
75 39 50
75 41 122
75 42 47
75 45 157
75 46 10
75 47 109
75 49 156
75 52 62
75 53 19
75 54 110
75 63 155
75 64 31
75 65 127
75 68 145
75 71 196
75 73 120
75 74 33
75 80 132
75 83 106
75 84 31
75 85 104
75 88 166
75 89 199
75 92 192
75 93 84
75 96 70
75 97 32
75 99 131
76 2 172
76 3 161
76 10 198
76 11 81
76 13 17
76 14 106
76 17 166
76 20 57
76 21 30
76 22 165
76 24 117
76 25 149
76 29 38
76 32 88
76 34 132
76 35 64
76 36 156
76 39 100
76 43 72
76 45 102
76 46 65
76 48 50
76 51 89
76 54 129
76 58 79
76 59 99
76 60 165
76 62 13
76 63 177
76 65 127
76 66 14
76 67 5
76 70 4
76 73 166
76 80 150
76 83 183
76 86 51
76 92 38
76 94 112
76 96 89
76 97 180
76 98 93
77 3 106
77 5 184
77 6 60
77 7 198
77 8 22
77 9 126
77 10 49
77 13 197
77 14 83
77 17 15
77 18 101
77 20 193
77 21 200
77 22 65
77 23 127
77 24 150
77 25 88
77 26 41
77 27 179
77 28 125
77 29 37
77 30 70
77 35 21
77 40 41
77 45 23
77 47 14
77 50 168
77 52 98
77 54 157
77 55 88
77 57 138
77 59 39
77 60 135
77 64 44
77 66 37
77 69 177
77 71 13
77 73 115
77 74 74
77 78 186
77 79 35
77 80 190
77 81 29
77 83 164
77 85 23
77 86 91
77 87 100
77 88 187
77 91 17
77 97 95
77 99 65
78 2 103
78 4 186
78 5 136
78 8 121
78 10 184
78 11 135
78 13 188
78 15 10
78 17 128
78 19 12
78 21 10
78 22 79
78 25 177
78 27 117
78 28 156
78 29 154
78 30 153
78 32 57
78 33 16
78 38 51
78 42 175
78 45 195
78 46 76
78 47 52
78 48 6
78 50 157
78 51 105
78 53 60
78 55 146
78 57 42
78 60 51
78 61 182
78 63 38
78 68 141
78 69 30
78 70 87
78 71 32
78 74 69
78 77 186
78 80 25
78 82 43
78 83 22
78 86 137
78 90 181
78 92 161
78 93 73
78 96 76
79 4 140
79 8 65
79 13 54
79 18 148
79 20 81
79 21 101
79 24 199
79 28 184
79 33 72
79 35 101
79 40 184
79 46 20
79 49 27
79 52 108
79 53 62
79 56 118
79 59 19
79 60 92
79 61 184
79 66 41
79 67 4
79 69 26
79 70 151
79 71 139
79 72 158
79 73 23
79 77 35
79 80 54
79 83 159
79 84 166
79 85 147
79 87 2
79 88 34
79 91 36
79 93 68
79 94 107
79 95 191
79 97 173
79 99 195
80 1 69
80 3 161
80 4 184
80 6 112
80 8 51
80 9 32
80 11 102
80 12 125
80 16 200
80 19 83
80 20 130
80 21 178
80 23 138
80 24 49
80 27 63
80 28 63
80 29 145
80 30 65
80 32 104
80 34 66
80 36 121
80 38 19
80 42 60
80 43 139
80 44 96
80 45 169
80 47 187
80 52 60
80 54 155
80 57 190
80 59 199
80 60 141
80 61 163
80 66 156
80 68 37
80 70 3
80 71 147
80 72 187
80 73 122
80 74 132
80 75 132
80 76 150
80 77 190
80 78 25
80 79 54
80 81 120
80 82 144
80 83 172
80 89 29
80 93 199
80 95 139
81 1 133
81 3 120
81 11 190
81 13 136
81 14 53
81 16 148
81 17 172
81 18 120
81 20 180
81 21 187
81 23 29
81 24 189
81 25 83
81 26 124
81 28 104
81 31 79
81 32 143
81 34 126
81 35 189
81 40 92
81 42 107
81 44 91
81 45 89
81 48 85
81 49 173
81 50 192
81 53 53
81 54 119
81 55 156
81 58 13
81 59 71
81 60 68
81 62 69
81 66 143
81 69 152
81 71 188
81 73 132
81 77 29
81 80 120
81 86 83
81 87 83
81 88 143
81 91 117
81 92 118
81 93 113
81 95 109
81 99 10
82 8 49
82 9 143
82 10 7
82 11 136
82 12 82
82 16 180
82 17 13
82 18 37
82 24 155
82 26 148
82 29 66
82 32 166
82 33 120
82 34 80
82 36 14
82 39 17
82 40 54
82 42 156
82 45 112
82 46 55
82 52 196
82 53 29
82 54 70
82 56 35
82 58 82
82 61 102
82 63 8
82 64 127
82 65 12
82 67 39
82 70 33
82 73 76
82 78 43
82 80 144
82 84 194
82 85 160
82 89 160
82 91 75
82 93 12
83 1 2
83 2 199
83 3 57
83 5 66
83 6 132
83 8 105
83 11 93
83 12 104
83 14 88
83 15 195
83 16 160
83 23 163
83 26 126
83 30 34
83 33 64
83 34 159
83 36 20
83 37 123
83 39 13
83 42 137
83 43 139
83 46 194
83 49 165
83 50 131
83 51 42
83 53 191
83 57 159
83 58 147
83 64 14
83 67 153
83 69 71
83 70 110
83 71 117
83 75 106
83 76 183
83 77 164
83 78 22
83 79 159
83 80 172
83 87 43
83 91 36
83 93 36
83 95 179
83 96 93
84 2 69
84 3 65
84 4 45
84 7 156
84 10 95
84 11 25
84 13 2
84 14 57
84 17 14
84 18 152
84 20 8
84 21 84
84 24 59
84 26 73
84 31 109
84 32 156
84 34 21
84 35 54
84 37 137
84 38 33
84 39 73
84 44 158
84 45 197
84 46 199
84 47 166
84 48 84
84 50 190
84 52 123
84 53 17
84 55 26
84 58 136
84 62 153
84 65 66
84 67 107
84 68 128
84 69 132
84 73 75
84 74 106
84 75 31
84 79 166
84 82 194
84 86 65
84 87 3
84 88 118
84 92 154
84 99 58
85 1 150
85 4 61
85 5 128
85 7 126
85 8 171
85 12 63
85 13 149
85 14 177
85 16 183
85 19 113
85 20 185
85 21 60
85 23 20
85 25 66
85 26 198
85 28 14
85 30 60
85 31 36
85 32 64
85 35 145
85 36 36
85 41 38
85 44 107
85 48 100
85 49 170
85 51 36
85 52 43
85 55 109
85 56 48
85 57 91
85 59 120
85 60 150
85 61 128
85 64 93
85 66 114
85 67 88
85 69 85
85 70 1
85 71 155
85 72 183
85 74 194
85 75 104
85 77 23
85 79 147
85 82 160
85 93 193
85 95 136
85 96 195
85 97 10
85 98 200
85 99 191
86 1 120
86 2 65
86 5 127
86 6 121
86 7 40
86 9 112
86 11 106
86 14 180
86 16 60
86 17 163
86 19 33
86 21 1
86 22 146
86 24 63
86 25 16
86 26 97
86 27 200
86 28 115
86 30 57
86 35 107
86 36 167
86 39 13
86 41 44
86 43 157
86 45 53
86 47 181
86 50 196
86 51 165
86 53 46
86 61 106
86 62 107
86 64 65
86 65 132
86 66 79
86 69 35
86 70 166
86 71 138
86 76 51
86 77 91
86 78 137
86 81 83
86 84 65
86 88 144
86 89 106
86 92 143
86 95 189
86 96 140
86 97 85
87 6 165
87 7 190
87 8 119
87 10 153
87 18 100
87 19 148
87 20 182
87 24 94
87 26 97
87 29 132
87 30 32
87 32 71
87 38 118
87 39 173
87 40 31
87 42 135
87 44 189
87 45 104
87 46 117
87 49 10
87 51 27
87 55 16
87 56 86
87 57 120
87 58 183
87 59 51
87 60 180
87 61 1
87 62 58
87 63 23
87 64 134
87 65 92
87 67 14
87 68 42
87 70 72
87 72 13
87 74 127
87 77 100
87 79 2
87 81 83
87 83 43
87 84 3
87 88 165
87 89 153
87 93 162
87 94 144
87 95 192
87 96 111
88 5 174
88 12 94
88 17 31
88 18 94
88 19 71
88 20 43
88 21 24
88 22 11
88 23 170
88 25 191
88 26 175
88 27 62
88 28 2
88 31 34
88 33 142
88 35 35
88 36 172
88 38 5
88 45 138
88 50 44
88 52 136
88 54 193
88 55 161
88 57 196
88 62 108
88 65 31
88 66 190
88 69 120
88 70 54
88 71 38
88 74 85
88 75 166
88 77 187
88 79 34
88 81 143
88 84 118
88 86 144
88 87 165
88 89 27
88 90 198
88 91 22
88 92 122
88 94 179
88 97 79
88 98 189
89 2 195
89 3 166
89 4 6
89 5 92
89 6 147
89 9 160
89 10 183
89 14 136
89 18 101
89 19 89
89 21 148
89 22 79
89 24 99
89 26 54
89 28 117
89 31 169
89 38 39
89 40 148
89 44 5
89 46 6
89 47 126
89 49 170
89 50 129
89 51 65
89 57 47
89 64 24
89 65 88
89 73 47
89 75 199
89 80 29
89 82 160
89 86 106
89 87 153
89 88 27
89 92 85
89 93 124
89 95 175
89 98 193
89 99 77
90 1 126
90 4 60
90 5 89
90 8 146
90 9 196
90 10 161
90 13 171
90 14 180
90 20 139
90 26 140
90 29 39
90 31 49
90 32 115
90 33 57
90 41 83
90 44 116
90 45 69
90 49 122
90 56 166
90 57 76
90 59 70
90 60 196
90 61 186
90 64 134
90 65 162
90 66 90
90 68 17
90 69 130
90 74 192
90 78 181
90 88 198
90 91 12
90 92 99
90 98 47
91 3 10
91 4 12
91 6 46
91 7 18
91 9 13
91 11 134
91 13 170
91 14 14
91 15 115
91 19 56
91 20 196
91 24 63
91 27 138
91 29 64
91 35 109
91 38 39
91 39 20
91 40 27
91 41 196
91 46 28
91 47 111
91 50 77
91 52 136
91 54 182
91 55 143
91 56 119
91 58 112
91 61 41
91 62 172
91 67 17
91 68 65
91 72 26
91 74 39
91 77 17
91 79 36
91 81 117
91 82 75
91 83 36
91 88 22
91 90 12
91 93 35
91 95 122
91 96 37
91 99 2
92 1 66
92 2 29
92 4 199
92 5 1
92 7 138
92 10 144
92 12 185
92 13 130
92 16 32
92 21 163
92 22 175
92 27 69
92 28 146
92 29 112
92 31 136
92 32 81
92 34 112
92 39 19
92 40 65
92 42 161
92 43 98
92 48 105
92 49 57
92 50 95
92 52 45
92 54 81
92 61 10
92 63 63
92 66 2
92 67 19
92 70 7
92 75 192
92 76 38
92 78 161
92 81 118
92 84 154
92 86 143
92 88 122
92 89 85
92 90 99
92 99 7
93 1 69
93 3 28
93 5 125
93 8 13
93 10 153
93 14 21
93 15 85
93 16 41
93 17 77
93 18 173
93 19 80
93 23 166
93 24 107
93 26 136
93 28 47
93 30 186
93 31 45
93 32 3
93 33 121
93 34 29
93 35 183
93 40 1
93 42 112
93 44 118
93 46 87
93 50 79
93 52 89
93 54 68
93 55 34
93 59 30
93 63 180
93 65 133
93 67 110
93 68 118
93 69 121
93 71 96
93 72 88
93 74 150
93 75 84
93 78 73
93 79 68
93 80 199
93 81 113
93 82 12
93 83 36
93 85 193
93 87 162
93 89 124
93 91 35
93 95 136
93 96 19
93 99 5
94 5 143
94 6 41
94 7 198
94 8 55
94 11 179
94 12 99
94 13 197
94 14 52
94 15 101
94 17 189
94 20 143
94 22 76
94 23 173
94 24 156
94 28 43
94 29 4
94 30 57
94 32 99
94 35 84
94 38 155
94 39 69
94 41 72
94 45 162
94 47 94
94 49 142
94 57 55
94 58 36
94 59 196
94 67 6
94 68 42
94 69 68
94 76 112
94 79 107
94 87 144
94 88 179
94 96 29
94 97 11
95 2 76
95 3 10
95 7 98
95 10 143
95 13 70
95 19 134
95 22 80
95 23 149
95 25 6
95 28 31
95 33 18
95 35 154
95 36 159
95 37 11
95 39 25
95 42 105
95 43 37
95 44 100
95 47 83
95 48 172
95 50 17
95 52 62
95 54 141
95 57 125
95 61 77
95 64 160
95 65 107
95 73 103
95 74 56
95 79 191
95 80 139
95 81 109
95 83 179
95 85 136
95 86 189
95 87 192
95 89 175
95 91 122
95 93 136
95 96 105
95 99 122
96 7 163
96 8 36
96 11 125
96 12 69
96 13 19
96 14 98
96 16 40
96 17 123
96 18 43
96 19 92
96 21 162
96 22 91
96 23 8
96 25 112
96 26 159
96 28 25
96 29 97
96 33 178
96 35 186
96 38 174
96 39 177
96 46 30
96 48 79
96 51 154
96 53 148
96 54 64
96 55 162
96 59 33
96 62 156
96 63 107
96 64 102
96 68 4
96 69 163
96 70 125
96 71 128
96 72 67
96 73 167
96 74 53
96 75 70
96 76 89
96 78 76
96 83 93
96 85 195
96 86 140
96 87 111
96 91 37
96 93 19
96 94 29
96 95 105
96 97 152
96 99 195
97 2 102
97 5 161
97 6 102
97 9 137
97 10 109
97 11 164
97 12 80
97 14 30
97 15 2
97 16 11
97 17 31
97 18 99
97 19 37
97 21 63
97 22 52
97 27 182
97 28 9
97 34 144
97 36 37
97 38 74
97 39 99
97 41 148
97 46 103
97 47 181
97 49 196
97 50 3
97 51 145
97 53 83
97 55 106
97 56 12
97 57 11
97 58 158
97 61 115
97 62 22
97 64 144
97 65 116
97 67 49
97 68 18
97 70 193
97 71 147
97 72 182
97 73 52
97 75 32
97 76 180
97 77 95
97 79 173
97 85 10
97 86 85
97 88 79
97 94 11
97 96 152
97 99 193
98 5 129
98 8 136
98 10 62
98 15 116
98 17 77
98 20 4
98 21 116
98 25 158
98 28 159
98 31 105
98 32 151
98 33 113
98 34 72
98 36 28
98 38 163
98 39 142
98 44 155
98 47 95
98 49 185
98 52 176
98 54 71
98 57 31
98 59 162
98 63 128
98 67 183
98 70 4
98 71 73
98 73 149
98 76 93
98 85 200
98 88 189
98 89 193
98 90 47
98 99 162
7 t 87
20 t 173
21 t 111
25 t 188
26 t 19
31 t 30
33 t 150
35 t 36
38 t 26
43 t 175
45 t 193
46 t 28
49 t 50
52 t 22
55 t 181
57 t 194
59 t 67
62 t 81
63 t 18
65 t 107
66 t 149
71 t 195
72 t 26
73 t 76
74 t 184
75 t 131
77 t 65
79 t 195
81 t 10
84 t 58
85 t 191
89 t 77
91 t 2
92 t 7
93 t 5
95 t 122
96 t 195
97 t 193
98 t 162
