s 2 129
s 3 164
s 6 37
s 10 196
s 13 131
s 14 110
s 15 167
s 16 144
s 18 116
s 20 22
s 22 111
s 23 50
s 25 75
s 26 58
s 28 53
s 29 150
s 31 24
s 34 31
s 35 157
s 36 43
s 37 28
s 38 26
s 39 114
s 42 38
s 44 54
s 46 115
s 47 106
s 50 61
s 52 15
s 54 51
s 55 113
s 56 95
s 57 32
s 58 196
s 59 198
s 60 30
s 61 64
s 62 68
s 63 141
s 67 133
s 68 25
s 70 143
s 71 31
s 72 45
s 73 98
s 74 112
s 75 142
s 76 125
s 80 26
s 81 62
s 83 128
s 85 191
s 86 1
s 88 114
s 89 42
s 91 194
s 92 4
s 93 154
s 96 138
s 98 195
1 2 21
1 3 171
1 4 103
1 5 28
1 8 70
1 10 116
1 15 8
1 16 181
1 17 23
1 20 84
1 21 80
1 24 177
1 25 15
1 27 184
1 28 42
1 31 21
1 33 104
1 34 195
1 36 126
1 37 118
1 38 30
1 39 158
1 40 20
1 42 125
1 45 197
1 52 17
1 53 120
1 55 22
1 56 108
1 57 10
1 60 175
1 61 44
1 62 172
1 63 87
1 64 35
1 65 11
1 67 110
1 68 193
1 69 64
1 70 113
1 72 94
1 73 47
1 75 190
1 76 86
1 80 42
1 81 138
1 82 154
1 83 166
1 85 194
1 86 193
1 90 182
1 94 47
1 97 13
1 98 23
2 1 21
2 8 187
2 10 156
2 12 107
2 13 74
2 15 15
2 18 102
2 19 199
2 20 100
2 22 143
2 23 81
2 26 47
2 27 56
2 28 145
2 32 65
2 34 2
2 36 49
2 39 158
2 40 78
2 41 165
2 43 171
2 47 194
2 48 191
2 55 83
2 56 26
2 57 166
2 58 99
2 59 28
2 60 161
2 61 135
2 64 3
2 66 44
2 68 62
2 69 162
2 70 44
2 72 134
2 73 20
2 74 26
2 75 80
2 81 40
2 82 22
2 85 38
2 88 59
2 89 168
2 91 43
2 93 76
2 94 69
2 96 8
2 97 49
2 98 114
2 99 25
3 1 171
3 4 85
3 6 23
3 7 167
3 8 172
3 9 42
3 10 137
3 12 67
3 15 127
3 16 61
3 17 10
3 18 86
3 19 108
3 24 148
3 25 43
3 27 9
3 29 55
3 31 141
3 32 107
3 34 200
3 35 106
3 36 72
3 37 52
3 38 117
3 39 121
3 40 86
3 41 195
3 43 156
3 44 142
3 45 183
3 46 28
3 56 123
3 60 114
3 61 115
3 64 1
3 66 20
3 67 142
3 68 36
3 70 179
3 71 191
3 73 44
3 74 165
3 75 51
3 77 42
3 81 136
3 83 126
3 84 64
3 85 31
3 89 157
3 92 146
3 94 113
3 95 4
3 96 93
3 98 40
4 1 103
4 3 85
4 5 86
4 6 114
4 7 52
4 8 197
4 9 140
4 14 45
4 15 11
4 17 112
4 19 133
4 22 86
4 24 194
4 25 58
4 26 196
4 31 124
4 34 31
4 35 192
4 38 99
4 39 83
4 41 48
4 43 127
4 44 142
4 48 148
4 49 183
4 51 39
4 52 22
4 53 185
4 54 162
4 55 159
4 56 12
4 57 161
4 58 116
4 60 24
4 61 178
4 62 11
4 63 14
4 65 176
4 66 104
4 67 81
4 68 120
4 69 79
4 72 178
4 74 185
4 75 171
4 77 88
4 78 41
4 80 194
4 82 118
4 83 5
4 84 118
4 87 191
4 89 158
4 90 170
4 91 144
4 93 162
4 95 65
4 98 176
4 99 199
5 1 28
5 4 86
5 7 55
5 8 53
5 9 89
5 10 160
5 11 190
5 14 43
5 16 51
5 18 61
5 20 46
5 22 91
5 29 25
5 30 91
5 31 66
5 32 143
5 34 110
5 35 180
5 36 154
5 37 70
5 38 141
5 40 86
5 41 198
5 45 115
5 46 133
5 48 20
5 50 81
5 54 155
5 55 33
5 56 26
5 57 31
5 58 149
5 59 127
5 61 179
5 66 108
5 69 97
5 71 89
5 72 3
5 73 170
5 77 15
5 78 3
5 81 108
5 82 170
5 85 116
5 86 119
5 90 127
5 91 68
5 93 104
5 95 57
5 96 163
5 97 73
5 99 83
6 3 23
6 4 114
6 8 13
6 10 156
6 11 149
6 13 100
6 14 192
6 17 161
6 19 143
6 22 97
6 24 172
6 25 110
6 26 43
6 27 169
6 29 163
6 31 69
6 32 36
6 35 142
6 37 185
6 41 128
6 44 177
6 45 98
6 47 78
6 48 109
6 50 114
6 51 128
6 54 94
6 56 146
6 59 29
6 61 53
6 62 154
6 66 71
6 67 62
6 70 155
6 72 71
6 73 176
6 75 39
6 78 68
6 81 80
6 88 67
6 89 135
6 94 36
6 95 66
6 97 140
6 98 75
6 99 72
7 3 167
7 4 52
7 5 55
7 10 141
7 11 32
7 13 171
7 15 151
7 17 83
7 18 75
7 21 168
7 24 111
7 25 41
7 26 182
7 28 59
7 29 82
7 30 50
7 31 21
7 32 56
7 33 19
7 37 184
7 38 14
7 39 24
7 41 36
7 43 124
7 44 27
7 46 55
7 48 152
7 53 33
7 54 112
7 55 145
7 58 81
7 59 55
7 60 173
7 61 110
7 62 114
7 63 175
7 66 102
7 69 199
7 70 5
7 72 43
7 74 103
7 75 118
7 76 47
7 77 61
7 79 117
7 82 152
7 84 117
7 88 13
7 93 200
7 94 125
7 96 156
7 97 18
7 98 47
7 99 5
8 1 70
8 2 187
8 3 172
8 4 197
8 5 53
8 6 13
8 9 114
8 11 172
8 14 155
8 18 11
8 21 82
8 23 94
8 24 5
8 26 4
8 29 163
8 30 23
8 32 176
8 33 170
8 34 51
8 35 56
8 36 143
8 39 70
8 41 24
8 43 151
8 48 188
8 50 61
8 51 15
8 52 15
8 53 64
8 54 30
8 55 187
8 56 200
8 57 7
8 58 110
8 59 187
8 61 101
8 63 52
8 64 31
8 65 164
8 71 62
8 78 71
8 80 88
8 81 44
8 87 99
8 89 47
8 90 73
8 92 200
8 96 34
8 99 64
9 3 42
9 4 140
9 5 89
9 8 114
9 10 83
9 11 99
9 12 60
9 14 80
9 15 68
9 17 16
9 19 60
9 21 193
9 23 154
9 27 9
9 28 151
9 33 125
9 34 48
9 35 28
9 36 66
9 39 165
9 41 199
9 42 165
9 43 162
9 45 131
9 46 38
9 49 31
9 51 135
9 52 87
9 58 55
9 60 22
9 61 62
9 62 27
9 63 55
9 65 47
9 66 31
9 69 130
9 70 77
9 73 69
9 74 33
9 75 46
9 76 107
9 77 7
9 81 41
9 83 173
9 85 184
9 91 7
9 95 63
10 1 116
10 2 156
10 3 137
10 5 160
10 6 156
10 7 141
10 9 83
10 11 120
10 12 144
10 13 61
10 15 64
10 16 77
10 17 49
10 18 124
10 19 29
10 20 197
10 22 87
10 25 15
10 27 59
10 31 30
10 32 18
10 33 17
10 35 172
10 38 189
10 39 17
10 42 175
10 44 126
10 46 136
10 47 32
10 48 165
10 49 98
10 51 106
10 53 64
10 54 16
10 56 82
10 57 151
10 58 7
10 59 55
10 60 17
10 61 197
10 63 81
10 65 104
10 68 68
10 69 167
10 73 26
10 74 78
10 77 62
10 81 176
10 82 122
10 83 196
10 85 187
10 87 190
10 88 160
10 89 197
10 91 107
10 93 147
10 95 12
10 96 11
10 98 177
11 5 190
11 6 149
11 7 32
11 8 172
11 9 99
11 10 120
11 13 141
11 16 10
11 18 13
11 22 95
11 23 134
11 25 167
11 26 75
11 28 79
11 30 63
11 32 10
11 34 153
11 35 33
11 41 110
11 43 149
11 45 17
11 48 194
11 50 103
11 51 72
11 53 176
11 54 134
11 55 59
11 57 131
11 58 189
11 61 190
11 62 87
11 66 94
11 67 23
11 68 97
11 70 77
11 71 119
11 72 9
11 73 141
11 74 90
11 75 168
11 81 60
11 82 83
11 84 138
11 86 89
11 88 159
11 91 159
11 99 7
12 2 107
12 3 67
12 9 60
12 10 144
12 13 80
12 14 164
12 16 160
12 19 59
12 20 191
12 22 97
12 24 61
12 25 27
12 26 161
12 29 70
12 30 83
12 33 61
12 34 8
12 37 102
12 38 125
12 39 16
12 41 168
12 42 166
12 43 145
12 44 111
12 45 70
12 46 11
12 47 44
12 48 9
12 49 58
12 50 64
12 51 31
12 53 194
12 56 97
12 58 39
12 61 106
12 63 85
12 66 186
12 67 194
12 69 45
12 71 179
12 72 74
12 73 82
12 76 42
12 77 86
12 79 92
12 81 122
12 83 67
12 85 72
12 87 70
12 89 155
12 90 152
12 94 167
12 95 47
12 96 24
12 97 106
12 98 72
12 99 105
13 2 74
13 6 100
13 7 171
13 10 61
13 11 141
13 12 80
13 14 97
13 15 158
13 19 83
13 22 164
13 23 4
13 24 177
13 26 169
13 29 106
13 30 156
13 34 179
13 36 136
13 37 72
13 39 12
13 40 166
13 42 189
13 44 8
13 45 29
13 46 142
13 50 141
13 51 65
13 52 55
13 54 136
13 55 141
13 56 55
13 59 12
13 62 35
13 63 50
13 65 54
13 67 75
13 70 123
13 72 93
13 74 55
13 75 130
13 76 84
13 80 12
13 81 104
13 84 155
13 85 58
13 86 76
13 87 45
13 89 169
13 90 166
13 91 54
13 93 49
13 94 82
13 95 158
13 96 126
13 98 47
14 4 45
14 5 43
14 6 192
14 8 155
14 9 80
14 12 164
14 13 97
14 15 153
14 16 24
14 21 35
14 23 81
14 24 180
14 25 149
14 28 57
14 31 121
14 32 26
14 33 35
14 37 193
14 39 79
14 43 165
14 44 21
14 50 162
14 51 3
14 52 83
14 55 186
14 56 95
14 57 72
14 60 45
14 61 1
14 63 44
14 64 95
14 65 57
14 66 151
14 68 56
14 69 58
14 73 128
14 75 191
14 76 199
14 78 60
14 79 81
14 80 137
14 81 116
14 84 162
14 85 71
14 86 129
14 88 32
14 89 108
14 92 50
14 93 194
14 94 14
14 95 186
14 97 42
14 98 121
15 1 8
15 2 15
15 3 127
15 4 11
15 7 151
15 9 68
15 10 64
15 13 158
15 14 153
15 16 96
15 17 160
15 21 192
15 23 97
15 24 35
15 25 197
15 26 82
15 28 49
15 31 59
15 32 112
15 35 100
15 36 65
15 37 87
15 40 129
15 41 194
15 43 133
15 45 153
15 46 10
15 48 137
15 49 189
15 50 138
15 51 124
15 56 68
15 57 29
15 58 139
15 59 177
15 61 29
15 62 148
15 64 121
15 67 36
15 68 112
15 69 188
15 72 161
15 74 76
15 75 82
15 76 149
15 77 12
15 78 93
15 82 25
15 83 126
15 84 162
15 85 26
15 87 162
15 89 50
15 92 87
15 93 75
15 94 168
15 95 36
15 96 193
15 97 42
15 98 41
15 99 97
16 1 181
16 3 61
16 5 51
16 10 77
16 11 10
16 12 160
16 14 24
16 15 96
16 17 56
16 18 71
16 19 193
16 20 48
16 22 132
16 23 173
16 24 156
16 27 39
16 29 133
16 31 157
16 32 199
16 33 66
16 35 126
16 36 1
16 37 160
16 38 199
16 39 26
16 40 151
16 42 122
16 43 125
16 44 180
16 45 155
16 49 21
16 54 192
16 55 130
16 57 148
16 60 107
16 61 168
16 64 74
16 65 1
16 66 141
16 68 152
16 73 85
16 76 69
16 77 3
16 78 105
16 79 112
16 81 35
16 82 191
16 83 46
16 84 150
16 85 102
16 86 153
16 90 119
16 91 102
16 93 28
16 99 81
17 1 23
17 3 10
17 4 112
17 6 161
17 7 83
17 9 16
17 10 49
17 15 160
17 16 56
17 18 42
17 24 179
17 25 39
17 27 63
17 28 26
17 29 24
17 32 171
17 33 47
17 35 92
17 36 85
17 37 183
17 38 175
17 39 180
17 40 150
17 41 19
17 42 126
17 49 176
17 50 131
17 53 126
17 54 3
17 55 83
17 56 85
17 57 173
17 60 199
17 61 66
17 62 84
17 63 123
17 67 46
17 69 72
17 70 193
17 72 29
17 75 53
17 77 150
17 78 157
17 79 49
17 85 102
17 87 65
17 90 34
17 91 102
17 92 127
17 95 21
17 96 35
17 97 112
18 2 102
18 3 86
18 5 61
18 7 75
18 8 11
18 10 124
18 11 13
18 16 71
18 17 42
18 19 197
18 20 148
18 21 188
18 22 4
18 23 6
18 24 44
18 27 105
18 28 118
18 31 115
18 34 67
18 35 14
18 36 28
18 37 91
18 39 1
18 40 77
18 41 53
18 42 33
18 43 75
18 44 192
18 47 70
18 48 49
18 49 74
18 51 145
18 52 144
18 53 70
18 55 30
18 56 200
18 57 199
18 58 145
18 59 50
18 60 116
18 62 140
18 63 106
18 64 137
18 67 19
18 69 5
18 70 100
18 71 154
18 72 8
18 73 75
18 75 186
18 76 68
18 78 184
18 84 153
18 85 81
18 88 63
18 89 113
18 91 143
18 92 98
18 93 9
18 94 130
18 95 126
18 96 29
18 99 36
19 2 199
19 3 108
19 4 133
19 6 143
19 9 60
19 10 29
19 12 59
19 13 83
19 16 193
19 18 197
19 20 113
19 23 72
19 24 16
19 25 170
19 26 92
19 27 134
19 28 42
19 29 20
19 33 144
19 36 185
19 37 26
19 39 147
19 41 54
19 44 133
19 45 88
19 48 53
19 49 66
19 50 64
19 53 120
19 56 23
19 59 115
19 60 15
19 61 160
19 63 36
19 65 176
19 71 48
19 73 160
19 74 127
19 75 99
19 76 49
19 77 178
19 79 89
19 80 20
19 82 79
19 83 148
19 84 135
19 86 27
19 87 139
19 89 80
19 93 104
19 96 26
19 99 122
20 1 84
20 2 100
20 5 46
20 10 197
20 12 191
20 16 48
20 18 148
20 19 113
20 23 142
20 25 113
20 26 173
20 27 152
20 30 51
20 32 145
20 33 175
20 34 39
20 35 28
20 36 98
20 38 97
20 39 189
20 40 161
20 45 30
20 46 82
20 47 60
20 48 196
20 49 190
20 50 18
20 53 65
20 54 23
20 56 108
20 58 145
20 59 13
20 60 76
20 70 110
20 77 80
20 78 8
20 81 171
20 82 26
20 83 24
20 86 47
20 87 200
20 89 112
20 90 54
20 92 15
20 93 123
20 94 120
20 95 168
20 99 32
21 1 80
21 7 168
21 8 82
21 9 193
21 14 35
21 15 192
21 18 188
21 22 129
21 24 179
21 29 91
21 31 153
21 32 71
21 34 148
21 35 93
21 36 104
21 38 139
21 39 148
21 40 73
21 42 140
21 44 34
21 46 37
21 47 51
21 48 157
21 49 69
21 50 200
21 52 119
21 53 94
21 55 128
21 56 179
21 58 15
21 62 65
21 63 101
21 65 65
21 68 55
21 71 160
21 73 99
21 74 20
21 75 137
21 77 2
21 78 146
21 80 33
21 81 85
21 83 171
21 84 25
21 85 73
21 86 107
21 88 3
21 94 52
21 95 183
21 98 53
21 99 35
22 2 143
22 4 86
22 5 91
22 6 97
22 10 87
22 11 95
22 12 97
22 13 164
22 16 132
22 18 4
22 21 129
22 24 172
22 27 50
22 28 86
22 30 3
22 31 116
22 32 26
22 35 167
22 37 92
22 38 59
22 40 111
22 42 28
22 46 49
22 47 122
22 48 33
22 49 196
22 50 181
22 52 76
22 53 200
22 54 53
22 55 1
22 56 161
22 61 154
22 62 35
22 65 131
22 66 200
22 68 127
22 71 69
22 72 58
22 73 14
22 74 98
22 77 78
22 82 145
22 83 51
22 85 22
22 87 172
22 88 47
22 90 186
22 91 98
22 92 194
22 93 80
22 98 107
22 99 196
23 2 81
23 8 94
23 9 154
23 11 134
23 13 4
23 14 81
23 15 97
23 16 173
23 18 6
23 19 72
23 20 142
23 24 161
23 25 31
23 27 8
23 30 191
23 31 9
23 34 131
23 35 125
23 36 49
23 37 12
23 38 153
23 39 170
23 40 53
23 41 33
23 43 177
23 46 109
23 49 172
23 51 55
23 52 166
23 56 158
23 57 95
23 58 158
23 61 107
23 64 7
23 65 72
23 67 103
23 70 31
23 71 169
23 72 59
23 74 62
23 76 161
23 78 92
23 81 124
23 82 2
23 85 17
23 86 77
23 87 197
23 88 154
23 89 51
23 91 156
23 92 21
23 93 99
23 98 95
23 99 121
24 1 177
24 3 148
24 4 194
24 6 172
24 7 111
24 8 5
24 12 61
24 13 177
24 14 180
24 15 35
24 16 156
24 17 179
24 18 44
24 19 16
24 21 179
24 22 172
24 23 161
24 25 108
24 28 158
24 30 50
24 31 31
24 32 85
24 33 29
24 34 172
24 36 15
24 37 24
24 38 122
24 39 188
24 41 189
24 44 5
24 45 105
24 46 135
24 49 103
24 51 73
24 52 150
24 53 95
24 57 107
24 58 139
24 59 128
24 61 22
24 63 61
24 64 125
24 65 169
24 70 148
24 71 8
24 73 125
24 74 2
24 81 74
24 83 125
24 84 45
24 88 174
24 89 145
24 90 184
24 91 43
24 93 139
24 94 123
24 96 159
25 1 15
25 3 43
25 4 58
25 6 110
25 7 41
25 10 15
25 11 167
25 12 27
25 14 149
25 15 197
25 17 39
25 19 170
25 20 113
25 23 31
25 24 108
25 29 131
25 30 91
25 31 77
25 35 81
25 36 135
25 37 87
25 38 89
25 39 171
25 40 100
25 41 195
25 45 110
25 46 9
25 48 143
25 49 5
25 50 192
25 52 57
25 58 141
25 59 73
25 60 24
25 62 82
25 64 9
25 65 83
25 66 79
25 67 169
25 68 67
25 69 90
25 73 168
25 75 144
25 76 143
25 77 188
25 78 101
25 79 88
25 80 148
25 81 34
25 82 40
25 83 114
25 84 60
25 87 171
25 88 123
25 90 2
25 91 83
25 92 99
25 94 171
25 99 29
26 2 47
26 4 196
26 6 43
26 7 182
26 8 4
26 11 75
26 12 161
26 13 169
26 15 82
26 19 92
26 20 173
26 28 136
26 29 90
26 30 54
26 32 142
26 33 15
26 35 135
26 37 44
26 39 106
26 40 157
26 41 176
26 42 82
26 44 66
26 45 91
26 46 70
26 48 137
26 52 162
26 54 59
26 55 109
26 57 121
26 59 184
26 62 168
26 64 146
26 65 172
26 68 85
26 69 116
26 70 147
26 73 13
26 75 189
26 79 17
26 80 131
26 81 79
26 82 74
26 83 77
26 84 142
26 85 67
26 88 199
26 89 94
26 90 70
26 92 47
26 93 168
26 96 184
27 1 184
27 2 56
27 3 9
27 6 169
27 9 9
27 10 59
27 16 39
27 17 63
27 18 105
27 19 134
27 20 152
27 22 50
27 23 8
27 30 182
27 31 2
27 32 65
27 33 147
27 34 108
27 35 75
27 37 29
27 42 182
27 44 53
27 46 71
27 47 200
27 48 23
27 49 158
27 51 100
27 52 104
27 53 168
27 55 42
27 57 43
27 59 117
27 62 56
27 63 20
27 64 186
27 65 46
27 66 172
27 67 71
27 68 21
27 70 124
27 71 33
27 75 116
27 78 119
27 79 107
27 80 172
27 82 172
27 86 112
27 87 70
27 88 49
27 90 133
27 91 184
27 92 95
27 93 45
27 97 25
27 98 137
27 99 173
28 1 42
28 2 145
28 7 59
28 9 151
28 11 79
28 14 57
28 15 49
28 17 26
28 18 118
28 19 42
28 22 86
28 24 158
28 26 136
28 29 142
28 33 170
28 34 64
28 38 69
28 39 141
28 41 123
28 44 8
28 47 185
28 48 15
28 49 133
28 51 179
28 52 57
28 57 155
28 59 136
28 63 42
28 65 100
28 66 156
28 67 1
28 70 176
28 75 126
28 78 84
28 79 111
28 83 8
28 87 189
28 89 93
28 90 67
28 91 44
28 93 128
28 94 161
28 95 102
28 98 106
29 3 55
29 5 25
29 6 163
29 7 82
29 8 163
29 12 70
29 13 106
29 16 133
29 17 24
29 19 20
29 21 91
29 25 131
29 26 90
29 28 142
29 34 64
29 35 2
29 40 129
29 43 6
29 45 90
29 47 1
29 48 161
29 50 94
29 51 89
29 52 24
29 53 1
29 54 34
29 55 34
29 57 143
29 60 142
29 63 47
29 64 108
29 65 81
29 68 26
29 69 45
29 70 73
29 72 25
29 73 20
29 75 3
29 76 165
29 77 108
29 78 26
29 79 27
29 81 193
29 83 60
29 84 23
29 85 19
29 87 24
29 92 59
29 93 119
29 94 156
29 95 200
29 98 86
29 99 5
30 5 91
30 7 50
30 8 23
30 11 63
30 12 83
30 13 156
30 20 51
30 22 3
30 23 191
30 24 50
30 25 91
30 26 54
30 27 182
30 31 167
30 34 30
30 36 188
30 38 22
30 40 74
30 41 71
30 43 29
30 45 104
30 46 65
30 51 52
30 52 114
30 53 200
30 56 187
30 57 1
30 58 96
30 62 76
30 63 130
30 64 56
30 66 90
30 68 169
30 71 69
30 73 37
30 76 151
30 77 57
30 80 134
30 81 90
30 82 62
30 84 173
30 86 65
30 87 140
30 88 57
30 89 81
30 94 75
30 95 168
30 96 135
30 97 23
30 99 62
31 1 21
31 3 141
31 4 124
31 5 66
31 6 69
31 7 21
31 10 30
31 14 121
31 15 59
31 16 157
31 18 115
31 21 153
31 22 116
31 23 9
31 24 31
31 25 77
31 27 2
31 30 167
31 34 39
31 36 139
31 37 200
31 39 82
31 42 166
31 43 144
31 45 110
31 48 36
31 49 32
31 50 143
31 53 136
31 54 154
31 56 108
31 58 104
31 60 73
31 61 91
31 63 27
31 65 51
31 66 180
31 68 173
31 70 101
31 71 173
31 72 88
31 73 96
31 74 196
31 75 137
31 76 183
31 77 156
31 78 113
31 80 67
31 86 157
31 87 114
31 88 31
31 90 190
31 91 37
31 93 188
31 94 28
31 97 96
32 2 65
32 3 107
32 5 143
32 6 36
32 7 56
32 8 176
32 10 18
32 11 10
32 14 26
32 15 112
32 16 199
32 17 171
32 20 145
32 21 71
32 22 26
32 24 85
32 26 142
32 27 65
32 33 140
32 35 100
32 38 6
32 39 174
32 41 31
32 43 159
32 45 109
32 51 174
32 53 170
32 54 157
32 55 32
32 58 180
32 59 38
32 61 85
32 62 6
32 63 3
32 64 145
32 65 91
32 68 191
32 71 38
32 72 191
32 73 156
32 74 94
32 75 50
32 76 167
32 77 23
32 78 67
32 79 127
32 80 89
32 81 30
32 85 50
32 89 24
32 90 105
32 91 111
32 93 146
32 95 110
32 96 87
32 97 190
32 99 49
33 1 104
33 7 19
33 8 170
33 9 125
33 10 17
33 12 61
33 14 35
33 16 66
33 17 47
33 19 144
33 20 175
33 24 29
33 26 15
33 27 147
33 28 170
33 32 140
33 41 87
33 47 98
33 48 107
33 51 43
33 52 23
33 54 100
33 55 143
33 57 36
33 59 77
33 61 162
33 66 195
33 69 100
33 70 120
33 72 40
33 73 89
33 74 165
33 76 41
33 77 45
33 78 87
33 79 17
33 81 144
33 85 189
33 87 164
33 88 62
33 89 96
33 91 57
33 92 74
33 94 24
33 96 12
33 97 174
33 98 200
33 99 172
34 1 195
34 2 2
34 3 200
34 4 31
34 5 110
34 8 51
34 9 48
34 11 153
34 12 8
34 13 179
34 18 67
34 20 39
34 21 148
34 23 131
34 24 172
34 27 108
34 28 64
34 29 64
34 30 30
34 31 39
34 36 129
34 37 42
34 39 196
34 41 144
34 42 42
34 45 40
34 47 86
34 48 123
34 49 177
34 52 27
34 54 117
34 56 31
34 57 65
34 59 121
34 60 105
34 61 66
34 62 64
34 66 18
34 67 17
34 68 77
34 70 163
34 71 26
34 76 11
34 77 20
34 78 85
34 80 48
34 82 112
34 84 114
34 86 36
34 87 195
34 89 54
34 90 47
34 91 117
34 92 44
34 95 142
34 99 92
35 3 106
35 4 192
35 5 180
35 6 142
35 8 56
35 9 28
35 10 172
35 11 33
35 15 100
35 16 126
35 17 92
35 18 14
35 20 28
35 21 93
35 22 167
35 23 125
35 25 81
35 26 135
35 27 75
35 29 2
35 32 100
35 36 12
35 37 43
35 38 118
35 39 110
35 41 194
35 42 103
35 43 34
35 45 45
35 46 130
35 48 12
35 49 44
35 53 64
35 56 169
35 57 117
35 59 194
35 60 96
35 63 66
35 64 132
35 66 181
35 67 57
35 68 50
35 73 65
35 74 147
35 75 156
35 76 56
35 77 8
35 78 10
35 79 16
35 81 9
35 86 89
35 87 145
35 88 59
35 89 52
35 90 84
35 93 126
35 96 71
35 98 123
36 1 126
36 2 49
36 3 72
36 5 154
36 8 143
36 9 66
36 13 136
36 15 65
36 16 1
36 17 85
36 18 28
36 19 185
36 20 98
36 21 104
36 23 49
36 24 15
36 25 135
36 30 188
36 31 139
36 34 129
36 35 12
36 40 137
36 41 120
36 46 144
36 51 196
36 52 108
36 53 108
36 56 42
36 57 120
36 58 87
36 59 132
36 61 78
36 62 87
36 63 151
36 67 187
36 72 55
36 74 30
36 75 41
36 76 49
36 78 83
36 79 175
36 80 30
36 82 5
36 85 151
36 91 199
36 92 76
36 93 128
36 94 60
36 96 70
37 1 118
37 3 52
37 5 70
37 6 185
37 7 184
37 12 102
37 13 72
37 14 193
37 15 87
37 16 160
37 17 183
37 18 91
37 19 26
37 22 92
37 23 12
37 24 24
37 25 87
37 26 44
37 27 29
37 31 200
37 34 42
37 35 43
37 38 96
37 41 197
37 42 28
37 43 198
37 44 141
37 47 185
37 49 93
37 52 29
37 53 22
37 55 78
37 63 124
37 64 72
37 66 174
37 69 20
37 70 186
37 71 70
37 81 125
37 82 200
37 88 41
37 90 60
37 92 121
37 93 41
37 96 200
37 97 105
37 98 148
38 1 30
38 3 117
38 4 99
38 5 141
38 7 14
38 10 189
38 12 125
38 16 199
38 17 175
38 20 97
38 21 139
38 22 59
38 23 153
38 24 122
38 25 89
38 28 69
38 30 22
38 32 6
38 35 118
38 37 96
38 39 180
38 41 51
38 42 66
38 44 191
38 46 2
38 47 134
38 48 44
38 49 171
38 50 186
38 53 70
38 54 8
38 59 65
38 60 187
38 62 159
38 63 137
38 65 154
38 66 177
38 73 156
38 74 53
38 75 60
38 76 18
38 80 98
38 81 40
38 83 102
38 84 123
38 89 129
38 91 180
38 92 44
38 96 17
38 97 42
38 98 163
38 99 5
39 1 158
39 2 158
39 3 121
39 4 83
39 7 24
39 8 70
39 9 165
39 10 17
39 12 16
39 13 12
39 14 79
39 16 26
39 17 180
39 18 1
39 19 147
39 20 189
39 21 148
39 23 170
39 24 188
39 25 171
39 26 106
39 28 141
39 31 82
39 32 174
39 34 196
39 35 110
39 38 180
39 43 106
39 45 83
39 46 4
39 48 166
39 50 131
39 54 26
39 55 197
39 57 70
39 58 8
39 60 132
39 63 117
39 67 177
39 70 134
39 71 96
39 73 90
39 74 174
39 75 186
39 76 157
39 78 33
39 79 120
39 80 24
39 81 72
39 82 134
39 83 174
39 85 123
39 86 2
39 92 97
39 97 144
40 1 20
40 2 78
40 3 86
40 5 86
40 13 166
40 15 129
40 16 151
40 17 150
40 18 77
40 20 161
40 21 73
40 22 111
40 23 53
40 25 100
40 26 157
40 29 129
40 30 74
40 36 137
40 42 121
40 44 120
40 45 181
40 47 116
40 49 128
40 52 35
40 53 194
40 56 160
40 58 105
40 59 74
40 60 53
40 61 97
40 63 17
40 65 47
40 67 194
40 68 84
40 69 90
40 71 36
40 73 182
40 74 7
40 75 187
40 78 71
40 79 122
40 80 142
40 83 8
40 85 138
40 89 173
40 90 193
40 91 141
40 93 90
40 94 7
40 96 186
40 98 108
41 2 165
41 3 195
41 4 48
41 5 198
41 6 128
41 7 36
41 8 24
41 9 199
41 11 110
41 12 168
41 15 194
41 17 19
41 18 53
41 19 54
41 23 33
41 24 189
41 25 195
41 26 176
41 28 123
41 30 71
41 32 31
41 33 87
41 34 144
41 35 194
41 36 120
41 37 197
41 38 51
41 42 114
41 45 92
41 47 134
41 48 90
41 49 52
41 50 130
41 52 30
41 54 66
41 56 56
41 58 143
41 59 194
41 60 47
41 61 159
41 63 29
41 64 111
41 65 161
41 66 172
41 72 122
41 73 67
41 74 94
41 77 143
41 78 42
41 84 39
41 85 32
41 88 143
41 92 70
41 93 95
41 94 199
41 95 173
41 99 66
42 1 125
42 9 165
42 10 175
42 12 166
42 13 189
42 16 122
42 17 126
42 18 33
42 21 140
42 22 28
42 26 82
42 27 182
42 31 166
42 34 42
42 35 103
42 37 28
42 38 66
42 40 121
42 41 114
42 43 177
42 44 70
42 46 180
42 47 147
42 49 166
42 50 24
42 51 108
42 52 170
42 56 80
42 57 147
42 58 99
42 61 83
42 63 27
42 67 75
42 68 33
42 69 7
42 71 79
42 72 32
42 74 26
42 76 80
42 80 159
42 81 196
42 83 13
42 85 58
42 86 79
42 91 12
42 92 8
42 94 174
42 95 193
42 96 16
42 97 29
42 99 129
43 2 171
43 3 156
43 4 127
43 7 124
43 8 151
43 9 162
43 11 149
43 12 145
43 14 165
43 15 133
43 16 125
43 18 75
43 23 177
43 29 6
43 30 29
43 31 144
43 32 159
43 35 34
43 37 198
43 39 106
43 42 177
43 46 75
43 49 138
43 54 17
43 55 168
43 56 60
43 57 84
43 58 126
43 60 101
43 62 13
43 64 52
43 66 123
43 67 72
43 71 133
43 73 65
43 75 150
43 76 65
43 77 50
43 79 74
43 83 160
43 85 99
43 86 79
43 87 164
43 88 167
43 89 140
43 90 155
43 92 14
43 93 63
43 94 9
43 95 23
43 99 36
44 3 142
44 4 142
44 6 177
44 7 27
44 10 126
44 12 111
44 13 8
44 14 21
44 16 180
44 18 192
44 19 133
44 21 34
44 24 5
44 26 66
44 27 53
44 28 8
44 37 141
44 38 191
44 40 120
44 42 70
44 45 153
44 46 119
44 52 13
44 54 181
44 55 24
44 57 142
44 60 2
44 61 66
44 64 27
44 66 182
44 67 127
44 68 33
44 69 135
44 70 27
44 71 31
44 75 44
44 76 70
44 77 51
44 79 135
44 80 44
44 83 119
44 86 186
44 89 173
44 93 29
44 94 128
44 95 12
44 97 114
44 98 144
45 1 197
45 3 183
45 5 115
45 6 98
45 9 131
45 11 17
45 12 70
45 13 29
45 15 153
45 16 155
45 19 88
45 20 30
45 24 105
45 25 110
45 26 91
45 29 90
45 30 104
45 31 110
45 32 109
45 34 40
45 35 45
45 39 83
45 40 181
45 41 92
45 44 153
45 46 66
45 48 178
45 49 2
45 50 155
45 52 81
45 54 41
45 55 124
45 56 80
45 58 168
45 59 151
45 66 186
45 67 56
45 68 43
45 69 103
45 71 163
45 74 52
45 76 132
45 77 38
45 79 53
45 80 176
45 83 10
45 85 61
45 91 152
45 92 144
45 95 106
45 96 135
45 98 61
46 3 28
46 5 133
46 7 55
46 9 38
46 10 136
46 12 11
46 13 142
46 15 10
46 20 82
46 21 37
46 22 49
46 23 109
46 24 135
46 25 9
46 26 70
46 27 71
46 30 65
46 35 130
46 36 144
46 38 2
46 39 4
46 42 180
46 43 75
46 44 119
46 45 66
46 49 117
46 50 166
46 51 166
46 52 132
46 56 176
46 57 13
46 58 4
46 60 185
46 63 115
46 67 57
46 70 8
46 71 191
46 73 4
46 74 110
46 77 58
46 78 154
46 84 57
46 85 179
46 87 196
46 88 169
46 89 118
46 90 170
46 91 130
46 93 181
46 94 197
46 95 152
46 96 80
46 97 136
46 99 36
47 2 194
47 6 78
47 10 32
47 12 44
47 18 70
47 20 60
47 21 51
47 22 122
47 27 200
47 28 185
47 29 1
47 33 98
47 34 86
47 37 185
47 38 134
47 40 116
47 41 134
47 42 147
47 52 25
47 53 105
47 55 153
47 57 126
47 59 154
47 61 106
47 62 57
47 64 87
47 65 120
47 67 136
47 68 142
47 69 112
47 70 3
47 73 33
47 74 63
47 76 155
47 79 123
47 81 144
47 83 97
47 84 70
47 85 104
47 86 29
47 92 142
47 93 83
47 95 48
47 97 57
47 98 1
47 99 55
48 2 191
48 4 148
48 5 20
48 6 109
48 7 152
48 8 188
48 10 165
48 11 194
48 12 9
48 15 137
48 18 49
48 19 53
48 20 196
48 21 157
48 22 33
48 25 143
48 26 137
48 27 23
48 28 15
48 29 161
48 31 36
48 33 107
48 34 123
48 35 12
48 38 44
48 39 166
48 41 90
48 45 178
48 50 77
48 51 92
48 52 33
48 53 179
48 54 114
48 58 139
48 61 123
48 62 48
48 64 131
48 66 101
48 69 139
48 71 37
48 72 116
48 73 159
48 74 139
48 75 85
48 76 109
48 77 108
48 79 42
48 81 80
48 82 35
48 85 44
48 87 161
48 88 53
48 89 50
48 90 88
48 99 195
49 4 183
49 9 31
49 10 98
49 12 58
49 15 189
49 16 21
49 17 176
49 18 74
49 19 66
49 20 190
49 21 69
49 22 196
49 23 172
49 24 103
49 25 5
49 27 158
49 28 133
49 31 32
49 34 177
49 35 44
49 37 93
49 38 171
49 40 128
49 41 52
49 42 166
49 43 138
49 45 2
49 46 117
49 51 134
49 56 71
49 57 125
49 63 174
49 64 92
49 70 137
49 71 173
49 73 67
49 74 27
49 75 119
49 76 152
49 78 101
49 81 125
49 82 29
49 83 77
49 84 6
49 85 122
49 90 127
49 92 71
49 93 180
49 94 37
49 95 143
49 97 34
49 98 14
50 5 81
50 6 114
50 8 61
50 11 103
50 12 64
50 13 141
50 14 162
50 15 138
50 17 131
50 19 64
50 20 18
50 21 200
50 22 181
50 25 192
50 29 94
50 31 143
50 38 186
50 39 131
50 41 130
50 42 24
50 45 155
50 46 166
50 48 77
50 51 32
50 54 25
50 55 14
50 56 32
50 57 28
50 58 175
50 59 16
50 61 62
50 62 135
50 64 61
50 67 102
50 69 74
50 74 49
50 75 110
50 79 35
50 80 41
50 82 50
50 83 156
50 84 170
50 85 36
50 87 102
50 88 10
50 89 28
50 90 46
50 92 145
50 93 51
50 94 11
50 98 135
51 4 39
51 6 128
51 8 15
51 9 135
51 10 106
51 11 72
51 12 31
51 13 65
51 14 3
51 15 124
51 18 145
51 23 55
51 24 73
51 27 100
51 28 179
51 29 89
51 30 52
51 32 174
51 33 43
51 36 196
51 42 108
51 46 166
51 48 92
51 49 134
51 50 32
51 57 153
51 59 148
51 60 170
51 61 24
51 67 199
51 68 180
51 69 188
51 71 111
51 73 65
51 74 191
51 76 104
51 79 124
51 83 70
51 85 178
51 87 113
51 88 189
51 89 174
51 90 24
51 91 174
51 92 176
51 93 60
51 95 107
51 97 61
51 98 179
51 99 175
52 1 17
52 4 22
52 8 15
52 9 87
52 13 55
52 14 83
52 18 144
52 21 119
52 22 76
52 23 166
52 24 150
52 25 57
52 26 162
52 27 104
52 28 57
52 29 24
52 30 114
52 33 23
52 34 27
52 36 108
52 37 29
52 40 35
52 41 30
52 42 170
52 44 13
52 45 81
52 46 132
52 47 25
52 48 33
52 53 67
52 57 137
52 58 23
52 59 135
52 64 137
52 66 109
52 67 95
52 70 4
52 72 72
52 73 12
52 74 157
52 75 163
52 77 27
52 78 151
52 79 50
52 80 124
52 81 144
52 83 114
52 84 128
52 85 29
52 86 50
52 87 162
52 88 77
52 89 176
52 90 192
52 91 130
52 92 25
52 93 19
52 96 112
52 98 31
53 1 120
53 4 185
53 7 33
53 8 64
53 10 64
53 11 176
53 12 194
53 17 126
53 18 70
53 19 120
53 20 65
53 21 94
53 22 200
53 24 95
53 27 168
53 29 1
53 30 200
53 31 136
53 32 170
53 35 64
53 36 108
53 37 22
53 38 70
53 40 194
53 47 105
53 48 179
53 52 67
53 58 121
53 59 31
53 60 122
53 61 195
53 64 132
53 65 127
53 67 4
53 69 163
53 71 12
53 73 179
53 74 81
53 76 186
53 77 155
53 78 141
53 80 183
53 82 86
53 83 43
53 84 145
53 86 186
53 87 86
53 88 106
53 91 199
53 93 179
53 94 176
53 95 168
53 96 32
53 99 60
54 4 162
54 5 155
54 6 94
54 7 112
54 8 30
54 10 16
54 11 134
54 13 136
54 16 192
54 17 3
54 20 23
54 22 53
54 26 59
54 29 34
54 31 154
54 32 157
54 33 100
54 34 117
54 38 8
54 39 26
54 41 66
54 43 17
54 44 181
54 45 41
54 48 114
54 50 25
54 55 17
54 58 37
54 59 143
54 61 78
54 62 54
54 63 169
54 64 79
54 69 133
54 72 142
54 77 125
54 79 15
54 80 160
54 83 119
54 85 137
54 88 65
54 89 45
54 90 68
54 91 17
54 92 81
54 95 15
54 96 66
54 98 88
55 1 22
55 2 83
55 4 159
55 5 33
55 7 145
55 8 187
55 11 59
55 13 141
55 14 186
55 16 130
55 17 83
55 18 30
55 21 128
55 22 1
55 26 109
55 27 42
55 29 34
55 32 32
55 33 143
55 37 78
55 39 197
55 43 168
55 44 24
55 45 124
55 47 153
55 50 14
55 54 17
55 59 26
55 60 34
55 63 112
55 66 132
55 67 200
55 71 13
55 72 112
55 74 45
55 76 87
55 78 109
55 79 131
55 80 174
55 81 20
55 85 34
55 87 84
55 88 97
55 90 113
55 91 65
55 95 91
55 96 48
55 97 149
55 98 144
56 1 108
56 2 26
56 3 123
56 4 12
56 5 26
56 6 146
56 8 200
56 10 82
56 12 97
56 13 55
56 14 95
56 15 68
56 17 85
56 18 200
56 19 23
56 20 108
56 21 179
56 22 161
56 23 158
56 30 187
56 31 108
56 34 31
56 35 169
56 36 42
56 40 160
56 41 56
56 42 80
56 43 60
56 45 80
56 46 176
56 49 71
56 50 32
56 57 31
56 58 186
56 59 128
56 60 149
56 61 97
56 63 150
56 66 32
56 68 113
56 71 131
56 72 125
56 74 172
56 76 56
56 77 190
56 78 47
56 79 134
56 80 192
56 81 118
56 82 15
56 83 4
56 85 67
56 86 57
56 90 180
56 92 188
56 93 174
56 95 51
56 96 77
56 99 13
57 1 10
57 2 166
57 4 161
57 5 31
57 8 7
57 10 151
57 11 131
57 14 72
57 15 29
57 16 148
57 17 173
57 18 199
57 23 95
57 24 107
57 26 121
57 27 43
57 28 155
57 29 143
57 30 1
57 33 36
57 34 65
57 35 117
57 36 120
57 39 70
57 42 147
57 43 84
57 44 142
57 46 13
57 47 126
57 49 125
57 50 28
57 51 153
57 52 137
57 56 31
57 58 166
57 60 102
57 62 180
57 63 162
57 65 139
57 67 79
57 68 150
57 73 26
57 74 95
57 77 199
57 80 138
57 81 34
57 82 110
57 83 137
57 85 144
57 88 188
57 89 172
57 90 104
57 92 117
57 94 148
57 95 55
57 96 185
57 99 42
58 2 99
58 4 116
58 5 149
58 7 81
58 8 110
58 9 55
58 10 7
58 11 189
58 12 39
58 15 139
58 18 145
58 20 145
58 21 15
58 23 158
58 24 139
58 25 141
58 30 96
58 31 104
58 32 180
58 36 87
58 39 8
58 40 105
58 41 143
58 42 99
58 43 126
58 45 168
58 46 4
58 48 139
58 50 175
58 52 23
58 53 121
58 54 37
58 56 186
58 57 166
58 60 156
58 62 153
58 63 1
58 64 23
58 65 40
58 70 146
58 71 112
58 72 132
58 75 171
58 76 167
58 78 159
58 79 41
58 80 53
58 81 81
58 83 108
58 84 179
58 85 175
58 86 103
58 87 3
58 88 84
58 89 134
58 90 2
58 91 27
58 92 37
58 93 95
58 94 195
58 95 192
58 96 128
58 98 104
59 2 28
59 5 127
59 6 29
59 7 55
59 8 187
59 10 55
59 13 12
59 15 177
59 18 50
59 19 115
59 20 13
59 24 128
59 25 73
59 26 184
59 27 117
59 28 136
59 32 38
59 33 77
59 34 121
59 35 194
59 36 132
59 38 65
59 40 74
59 41 194
59 45 151
59 47 154
59 50 16
59 51 148
59 52 135
59 53 31
59 54 143
59 55 26
59 56 128
59 60 23
59 64 7
59 65 43
59 66 54
59 67 185
59 71 82
59 74 22
59 75 129
59 76 177
59 77 156
59 78 150
59 79 180
59 80 71
59 81 29
59 82 75
59 84 15
59 86 42
59 88 121
59 89 11
59 92 11
59 95 169
60 1 175
60 2 161
60 3 114
60 4 24
60 7 173
60 9 22
60 10 17
60 14 45
60 16 107
60 17 199
60 18 116
60 19 15
60 20 76
60 25 24
60 29 142
60 31 73
60 34 105
60 35 96
60 38 187
60 39 132
60 40 53
60 41 47
60 43 101
60 44 2
60 46 185
60 51 170
60 53 122
60 55 34
60 56 149
60 57 102
60 58 156
60 59 23
60 61 49
60 62 149
60 64 156
60 66 114
60 67 16
60 68 198
60 69 80
60 70 20
60 73 161
60 76 56
60 81 166
60 82 181
60 84 173
60 85 154
60 87 30
60 88 109
60 89 112
60 90 18
60 91 184
60 94 64
60 95 70
60 96 179
60 97 18
60 98 171
60 99 134
61 1 44
61 2 135
61 3 115
61 4 178
61 5 179
61 6 53
61 7 110
61 8 101
61 9 62
61 10 197
61 11 190
61 12 106
61 14 1
61 15 29
61 16 168
61 17 66
61 19 160
61 22 154
61 23 107
61 24 22
61 31 91
61 32 85
61 33 162
61 34 66
61 36 78
61 40 97
61 41 159
61 42 83
61 44 66
61 47 106
61 48 123
61 50 62
61 51 24
61 53 195
61 54 78
61 56 97
61 60 49
61 62 145
61 63 27
61 64 85
61 66 69
61 68 8
61 72 90
61 74 123
61 76 77
61 81 49
61 83 118
61 84 118
61 85 147
61 86 163
61 87 89
61 88 189
61 91 122
61 92 187
61 93 61
61 94 61
61 96 122
61 98 173
62 1 172
62 4 11
62 6 154
62 7 114
62 9 27
62 11 87
62 13 35
62 15 148
62 17 84
62 18 140
62 21 65
62 22 35
62 25 82
62 26 168
62 27 56
62 30 76
62 32 6
62 34 64
62 36 87
62 38 159
62 43 13
62 47 57
62 48 48
62 50 135
62 54 54
62 57 180
62 58 153
62 60 149
62 61 145
62 64 45
62 66 7
62 68 83
62 70 99
62 73 117
62 74 85
62 75 11
62 76 184
62 79 13
62 81 25
62 82 174
62 83 82
62 85 21
62 87 23
62 88 15
62 89 45
62 91 135
62 94 73
62 95 38
62 96 43
62 98 167
63 1 87
63 4 14
63 7 175
63 8 52
63 9 55
63 10 81
63 12 85
63 13 50
63 14 44
63 17 123
63 18 106
63 19 36
63 21 101
63 24 61
63 27 20
63 28 42
63 29 47
63 30 130
63 31 27
63 32 3
63 35 66
63 36 151
63 37 124
63 38 137
63 39 117
63 40 17
63 41 29
63 42 27
63 46 115
63 49 174
63 54 169
63 55 112
63 56 150
63 57 162
63 58 1
63 61 27
63 64 152
63 65 171
63 66 108
63 67 150
63 71 166
63 72 80
63 73 190
63 75 10
63 76 108
63 77 191
63 78 22
63 79 170
63 80 184
63 82 105
63 83 43
63 84 106
63 85 135
63 86 190
63 87 73
63 88 182
63 90 103
63 91 105
63 95 156
63 97 37
63 98 65
63 99 135
64 1 35
64 2 3
64 3 1
64 8 31
64 14 95
64 15 121
64 16 74
64 18 137
64 23 7
64 24 125
64 25 9
64 26 146
64 27 186
64 29 108
64 30 56
64 32 145
64 35 132
64 37 72
64 41 111
64 43 52
64 44 27
64 47 87
64 48 131
64 49 92
64 50 61
64 52 137
64 53 132
64 54 79
64 58 23
64 59 7
64 60 156
64 61 85
64 62 45
64 63 152
64 65 181
64 66 130
64 69 21
64 71 173
64 72 122
64 74 177
64 75 166
64 76 25
64 78 74
64 83 171
64 84 170
64 87 87
64 88 184
64 89 178
64 90 88
64 94 54
64 97 50
64 98 144
64 99 153
65 1 11
65 4 176
65 8 164
65 9 47
65 10 104
65 13 54
65 14 57
65 16 1
65 19 176
65 21 65
65 22 131
65 23 72
65 24 169
65 25 83
65 26 172
65 27 46
65 28 100
65 29 81
65 31 51
65 32 91
65 38 154
65 40 47
65 41 161
65 47 120
65 53 127
65 57 139
65 58 40
65 59 43
65 63 171
65 64 181
65 66 115
65 70 193
65 71 17
65 72 131
65 74 124
65 75 158
65 80 46
65 82 161
65 85 23
65 86 184
65 89 152
65 91 45
65 92 89
65 93 21
65 94 15
66 2 44
66 3 20
66 4 104
66 5 108
66 6 71
66 7 102
66 9 31
66 11 94
66 12 186
66 14 151
66 16 141
66 22 200
66 25 79
66 27 172
66 28 156
66 30 90
66 31 180
66 33 195
66 34 18
66 35 181
66 37 174
66 38 177
66 41 172
66 43 123
66 44 182
66 45 186
66 48 101
66 52 109
66 55 132
66 56 32
66 59 54
66 60 114
66 61 69
66 62 7
66 63 108
66 64 130
66 65 115
66 70 24
66 71 73
66 75 49
66 77 173
66 79 170
66 82 34
66 83 93
66 84 97
66 85 133
66 86 45
66 91 10
66 93 133
66 95 147
66 96 81
66 97 97
66 99 108
67 1 110
67 3 142
67 4 81
67 6 62
67 11 23
67 12 194
67 13 75
67 15 36
67 17 46
67 18 19
67 23 103
67 25 169
67 27 71
67 28 1
67 34 17
67 35 57
67 36 187
67 39 177
67 40 194
67 42 75
67 43 72
67 44 127
67 45 56
67 46 57
67 47 136
67 50 102
67 51 199
67 52 95
67 53 4
67 55 200
67 57 79
67 59 185
67 60 16
67 63 150
67 68 145
67 71 8
67 72 17
67 73 179
67 75 95
67 77 96
67 78 30
67 79 40
67 80 107
67 81 2
67 83 147
67 86 149
67 88 16
67 90 172
67 94 20
67 95 87
68 1 193
68 2 62
68 3 36
68 4 120
68 10 68
68 11 97
68 14 56
68 15 112
68 16 152
68 21 55
68 22 127
68 25 67
68 26 85
68 27 21
68 29 26
68 30 169
68 31 173
68 32 191
68 34 77
68 35 50
68 40 84
68 42 33
68 44 33
68 45 43
68 47 142
68 51 180
68 56 113
68 57 150
68 60 198
68 61 8
68 62 83
68 67 145
68 69 177
68 70 95
68 71 180
68 73 6
68 74 24
68 75 100
68 77 2
68 79 110
68 80 179
68 81 58
68 82 149
68 84 174
68 85 199
68 86 84
68 87 157
68 91 179
68 92 169
68 93 198
68 95 9
68 96 74
68 98 175
69 1 64
69 2 162
69 4 79
69 5 97
69 7 199
69 9 130
69 10 167
69 12 45
69 14 58
69 15 188
69 17 72
69 18 5
69 25 90
69 26 116
69 29 45
69 33 100
69 37 20
69 40 90
69 42 7
69 44 135
69 45 103
69 47 112
69 48 139
69 50 74
69 51 188
69 53 163
69 54 133
69 60 80
69 64 21
69 68 177
69 71 198
69 73 96
69 74 92
69 75 47
69 78 22
69 79 137
69 81 125
69 82 47
69 83 88
69 85 29
69 87 82
69 92 22
69 95 182
69 96 171
69 97 48
70 1 113
70 2 44
70 3 179
70 6 155
70 7 5
70 9 77
70 11 77
70 13 123
70 17 193
70 18 100
70 20 110
70 23 31
70 24 148
70 26 147
70 27 124
70 28 176
70 29 73
70 31 101
70 33 120
70 34 163
70 37 186
70 39 134
70 44 27
70 46 8
70 47 3
70 49 137
70 52 4
70 58 146
70 60 20
70 62 99
70 65 193
70 66 24
70 68 95
70 71 130
70 72 51
70 75 126
70 76 132
70 77 82
70 78 95
70 79 191
70 80 95
70 81 157
70 82 63
70 86 147
70 88 60
70 91 167
70 92 106
70 95 58
70 96 27
70 99 161
71 3 191
71 5 89
71 8 62
71 11 119
71 12 179
71 18 154
71 19 48
71 21 160
71 22 69
71 23 169
71 24 8
71 27 33
71 30 69
71 31 173
71 32 38
71 34 26
71 37 70
71 39 96
71 40 36
71 42 79
71 43 133
71 44 31
71 45 163
71 46 191
71 48 37
71 49 173
71 51 111
71 53 12
71 55 13
71 56 131
71 58 112
71 59 82
71 63 166
71 64 173
71 65 17
71 66 73
71 67 8
71 68 180
71 69 198
71 70 130
71 73 29
71 75 183
71 77 186
71 80 91
71 81 121
71 83 73
71 84 46
71 86 78
71 91 15
71 92 45
71 93 50
71 95 160
71 96 22
71 98 11
72 1 94
72 2 134
72 4 178
72 5 3
72 6 71
72 7 43
72 11 9
72 12 74
72 13 93
72 15 161
72 17 29
72 18 8
72 22 58
72 23 59
72 29 25
72 31 88
72 32 191
72 33 40
72 36 55
72 41 122
72 42 32
72 48 116
72 52 72
72 54 142
72 55 112
72 56 125
72 58 132
72 61 90
72 63 80
72 64 122
72 65 131
72 67 17
72 70 51
72 74 191
72 75 58
72 76 25
72 78 37
72 79 185
72 80 27
72 81 42
72 82 81
72 83 75
72 84 89
72 85 169
72 87 62
72 88 147
72 89 79
72 91 3
72 92 127
72 93 165
72 94 89
72 96 171
72 97 189
72 98 36
73 1 47
73 2 20
73 3 44
73 5 170
73 6 176
73 9 69
73 10 26
73 11 141
73 12 82
73 14 128
73 16 85
73 18 75
73 19 160
73 21 99
73 22 14
73 24 125
73 25 168
73 26 13
73 29 20
73 30 37
73 31 96
73 32 156
73 33 89
73 35 65
73 38 156
73 39 90
73 40 182
73 41 67
73 43 65
73 46 4
73 47 33
73 48 159
73 49 67
73 51 65
73 52 12
73 53 179
73 57 26
73 60 161
73 62 117
73 63 190
73 67 179
73 68 6
73 69 96
73 71 29
73 74 109
73 76 158
73 78 167
73 80 140
73 81 29
73 83 91
73 87 36
73 89 20
73 90 94
73 91 35
73 92 158
73 94 184
73 95 134
73 96 32
73 97 178
73 98 189
73 99 5
74 2 26
74 3 165
74 4 185
74 7 103
74 9 33
74 10 78
74 11 90
74 13 55
74 15 76
74 19 127
74 21 20
74 22 98
74 23 62
74 24 2
74 31 196
74 32 94
74 33 165
74 35 147
74 36 30
74 38 53
74 39 174
74 40 7
74 41 94
74 42 26
74 45 52
74 46 110
74 47 63
74 48 139
74 49 27
74 50 49
74 51 191
74 52 157
74 53 81
74 55 45
74 56 172
74 57 95
74 59 22
74 61 123
74 62 85
74 64 177
74 65 124
74 68 24
74 69 92
74 72 191
74 73 109
74 76 95
74 78 151
74 81 131
74 82 70
74 83 22
74 86 152
74 89 133
74 91 158
74 93 157
74 95 200
74 96 14
74 97 46
74 99 116
75 1 190
75 2 80
75 3 51
75 4 171
75 6 39
75 7 118
75 9 46
75 11 168
75 13 130
75 14 191
75 15 82
75 17 53
75 18 186
75 19 99
75 21 137
75 25 144
75 26 189
75 27 116
75 28 126
75 29 3
75 31 137
75 32 50
75 35 156
75 36 41
75 38 60
75 39 186
75 40 187
75 43 150
75 44 44
75 48 85
75 49 119
75 50 110
75 52 163
75 58 171
75 59 129
75 62 11
75 63 10
75 64 166
75 65 158
75 66 49
75 67 95
75 68 100
75 69 47
75 70 126
75 71 183
75 72 58
75 80 127
75 81 190
75 83 86
75 84 52
75 86 128
75 88 149
75 90 122
75 91 12
75 92 197
75 94 185
75 95 81
75 96 36
76 1 86
76 7 47
76 9 107
76 12 42
76 13 84
76 14 199
76 15 149
76 16 69
76 18 68
76 19 49
76 23 161
76 25 143
76 29 165
76 30 151
76 31 183
76 32 167
76 33 41
76 34 11
76 35 56
76 36 49
76 38 18
76 39 157
76 42 80
76 43 65
76 44 70
76 45 132
76 47 155
76 48 109
76 49 152
76 51 104
76 53 186
76 55 87
76 56 56
76 58 167
76 59 177
76 60 56
76 61 77
76 62 184
76 63 108
76 64 25
76 70 132
76 72 25
76 73 158
76 74 95
76 77 129
76 82 181
76 83 95
76 84 26
76 85 155
76 86 171
76 88 181
76 89 22
76 91 14
76 93 161
76 96 74
77 3 42
77 4 88
77 5 15
77 7 61
77 9 7
77 10 62
77 12 86
77 15 12
77 16 3
77 17 150
77 19 178
77 20 80
77 21 2
77 22 78
77 25 188
77 29 108
77 30 57
77 31 156
77 32 23
77 33 45
77 34 20
77 35 8
77 41 143
77 43 50
77 44 51
77 45 38
77 46 58
77 48 108
77 52 27
77 53 155
77 54 125
77 56 190
77 57 199
77 59 156
77 63 191
77 66 173
77 67 96
77 68 2
77 70 82
77 71 186
77 76 129
77 78 116
77 80 23
77 81 161
77 82 161
77 84 96
77 85 169
77 86 187
77 91 44
77 92 175
77 98 4
77 99 19
78 4 41
78 5 3
78 6 68
78 8 71
78 14 60
78 15 93
78 16 105
78 17 157
78 18 184
78 20 8
78 21 146
78 23 92
78 25 101
78 27 119
78 28 84
78 29 26
78 31 113
78 32 67
78 33 87
78 34 85
78 35 10
78 36 83
78 39 33
78 40 71
78 41 42
78 46 154
78 49 101
78 52 151
78 53 141
78 55 109
78 56 47
78 58 159
78 59 150
78 63 22
78 64 74
78 67 30
78 69 22
78 70 95
78 72 37
78 73 167
78 74 151
78 77 116
78 79 84
78 81 119
78 83 110
78 84 150
78 86 161
78 87 91
78 89 34
78 92 86
78 94 107
78 95 28
78 96 199
78 97 182
78 99 166
79 7 117
79 12 92
79 14 81
79 16 112
79 17 49
79 19 89
79 25 88
79 26 17
79 27 107
79 28 111
79 29 27
79 32 127
79 33 17
79 35 16
79 36 175
79 39 120
79 40 122
79 43 74
79 44 135
79 45 53
79 47 123
79 48 42
79 50 35
79 51 124
79 52 50
79 54 15
79 55 131
79 56 134
79 58 41
79 59 180
79 62 13
79 63 170
79 66 170
79 67 40
79 68 110
79 69 137
79 70 191
79 72 185
79 78 84
79 80 37
79 85 144
79 86 111
79 87 28
79 89 51
79 90 130
79 91 57
79 92 96
79 93 116
79 94 124
79 96 139
80 1 42
80 4 194
80 8 88
80 13 12
80 14 137
80 19 20
80 21 33
80 25 148
80 26 131
80 27 172
80 30 134
80 31 67
80 32 89
80 34 48
80 36 30
80 38 98
80 39 24
80 40 142
80 42 159
80 44 44
80 45 176
80 50 41
80 52 124
80 53 183
80 54 160
80 55 174
80 56 192
80 57 138
80 58 53
80 59 71
80 63 184
80 65 46
80 67 107
80 68 179
80 70 95
80 71 91
80 72 27
80 73 140
80 75 127
80 77 23
80 79 37
80 81 107
80 82 90
80 83 153
80 86 178
80 88 19
80 89 40
80 91 39
80 92 148
80 93 183
81 1 138
81 2 40
81 3 136
81 5 108
81 6 80
81 8 44
81 9 41
81 10 176
81 11 60
81 12 122
81 13 104
81 14 116
81 16 35
81 20 171
81 21 85
81 23 124
81 24 74
81 25 34
81 26 79
81 29 193
81 30 90
81 32 30
81 33 144
81 35 9
81 37 125
81 38 40
81 39 72
81 42 196
81 47 144
81 48 80
81 49 125
81 52 144
81 55 20
81 56 118
81 57 34
81 58 81
81 59 29
81 60 166
81 61 49
81 62 25
81 67 2
81 68 58
81 69 125
81 70 157
81 71 121
81 72 42
81 73 29
81 74 131
81 75 190
81 77 161
81 78 119
81 80 107
81 82 37
81 83 114
81 84 55
81 85 175
81 91 23
81 93 97
81 94 50
81 99 129
82 1 154
82 2 22
82 4 118
82 5 170
82 7 152
82 10 122
82 11 83
82 15 25
82 16 191
82 19 79
82 20 26
82 22 145
82 23 2
82 25 40
82 26 74
82 27 172
82 30 62
82 34 112
82 36 5
82 37 200
82 39 134
82 48 35
82 49 29
82 50 50
82 53 86
82 56 15
82 57 110
82 59 75
82 60 181
82 62 174
82 63 105
82 65 161
82 66 34
82 68 149
82 69 47
82 70 63
82 72 81
82 74 70
82 76 181
82 77 161
82 80 90
82 81 37
82 83 41
82 84 9
82 85 15
82 86 126
82 87 122
82 88 155
82 90 138
82 92 200
82 95 93
82 97 186
82 98 94
83 1 166
83 3 126
83 4 5
83 9 173
83 10 196
83 12 67
83 15 126
83 16 46
83 19 148
83 20 24
83 21 171
83 22 51
83 24 125
83 25 114
83 26 77
83 28 8
83 29 60
83 38 102
83 39 174
83 40 8
83 42 13
83 43 160
83 44 119
83 45 10
83 47 97
83 49 77
83 50 156
83 51 70
83 52 114
83 53 43
83 54 119
83 56 4
83 57 137
83 58 108
83 61 118
83 62 82
83 63 43
83 64 171
83 66 93
83 67 147
83 69 88
83 71 73
83 72 75
83 73 91
83 74 22
83 75 86
83 76 95
83 78 110
83 80 153
83 81 114
83 82 41
83 84 69
83 85 162
83 87 63
83 89 88
83 90 198
83 91 130
83 92 173
83 93 17
83 94 121
83 95 136
83 97 102
83 98 184
84 3 64
84 4 118
84 7 117
84 11 138
84 13 155
84 14 162
84 15 162
84 16 150
84 18 153
84 19 135
84 21 25
84 24 45
84 25 60
84 26 142
84 29 23
84 30 173
84 34 114
84 38 123
84 41 39
84 46 57
84 47 70
84 49 6
84 50 170
84 52 128
84 53 145
84 58 179
84 59 15
84 60 173
84 61 118
84 63 106
84 64 170
84 66 97
84 68 174
84 71 46
84 72 89
84 75 52
84 76 26
84 77 96
84 78 150
84 81 55
84 82 9
84 83 69
84 86 44
84 87 183
84 89 177
84 91 33
84 92 115
84 96 143
84 98 158
84 99 37
85 1 194
85 2 38
85 3 31
85 5 116
85 9 184
85 10 187
85 12 72
85 13 58
85 14 71
85 15 26
85 16 102
85 17 102
85 18 81
85 21 73
85 22 22
85 23 17
85 26 67
85 29 19
85 32 50
85 33 189
85 36 151
85 39 123
85 40 138
85 41 32
85 42 58
85 43 99
85 45 61
85 46 179
85 47 104
85 48 44
85 49 122
85 50 36
85 51 178
85 52 29
85 54 137
85 55 34
85 56 67
85 57 144
85 58 175
85 60 154
85 61 147
85 62 21
85 63 135
85 65 23
85 66 133
85 68 199
85 69 29
85 72 169
85 76 155
85 77 169
85 79 144
85 81 175
85 82 15
85 83 162
85 88 86
85 89 43
85 91 189
85 94 56
85 97 191
86 1 193
86 5 119
86 11 89
86 13 76
86 14 129
86 16 153
86 19 27
86 20 47
86 21 107
86 23 77
86 27 112
86 30 65
86 31 157
86 34 36
86 35 89
86 39 2
86 42 79
86 43 79
86 44 186
86 47 29
86 52 50
86 53 186
86 56 57
86 58 103
86 59 42
86 61 163
86 63 190
86 65 184
86 66 45
86 67 149
86 68 84
86 70 147
86 71 78
86 74 152
86 75 128
86 76 171
86 77 187
86 78 161
86 79 111
86 80 178
86 82 126
86 84 44
86 89 29
86 90 199
86 91 96
86 92 190
86 95 105
86 96 113
86 97 13
86 98 131
86 99 156
87 4 191
87 8 99
87 10 190
87 12 70
87 13 45
87 15 162
87 17 65
87 19 139
87 20 200
87 22 172
87 23 197
87 25 171
87 27 70
87 28 189
87 29 24
87 30 140
87 31 114
87 33 164
87 34 195
87 35 145
87 43 164
87 46 196
87 48 161
87 50 102
87 51 113
87 52 162
87 53 86
87 55 84
87 58 3
87 60 30
87 61 89
87 62 23
87 63 73
87 64 87
87 68 157
87 69 82
87 72 62
87 73 36
87 78 91
87 79 28
87 82 122
87 83 63
87 84 183
87 88 15
87 89 114
87 90 1
87 91 181
87 93 87
87 94 144
87 96 21
87 97 95
88 2 59
88 6 67
88 7 13
88 10 160
88 11 159
88 14 32
88 18 63
88 21 3
88 22 47
88 23 154
88 24 174
88 25 123
88 26 199
88 27 49
88 30 57
88 31 31
88 33 62
88 35 59
88 37 41
88 41 143
88 43 167
88 46 169
88 48 53
88 50 10
88 51 189
88 52 77
88 53 106
88 54 65
88 55 97
88 57 188
88 58 84
88 59 121
88 60 109
88 61 189
88 62 15
88 63 182
88 64 184
88 67 16
88 70 60
88 72 147
88 75 149
88 76 181
88 80 19
88 82 155
88 85 86
88 87 15
88 89 162
88 90 48
88 91 146
88 93 83
88 94 191
88 97 69
88 99 14
89 2 168
89 3 157
89 4 158
89 6 135
89 8 47
89 10 197
89 12 155
89 13 169
89 14 108
89 15 50
89 18 113
89 19 80
89 20 112
89 23 51
89 24 145
89 26 94
89 28 93
89 30 81
89 32 24
89 33 96
89 34 54
89 35 52
89 38 129
89 40 173
89 43 140
89 44 173
89 46 118
89 48 50
89 50 28
89 51 174
89 52 176
89 54 45
89 57 172
89 58 134
89 59 11
89 60 112
89 62 45
89 64 178
89 65 152
89 72 79
89 73 20
89 74 133
89 76 22
89 78 34
89 79 51
89 80 40
89 83 88
89 84 177
89 85 43
89 86 29
89 87 114
89 88 162
89 90 77
89 91 135
89 92 187
89 93 77
89 95 101
89 96 19
89 97 180
89 98 19
89 99 153
90 1 182
90 4 170
90 5 127
90 8 73
90 12 152
90 13 166
90 16 119
90 17 34
90 20 54
90 22 186
90 24 184
90 25 2
90 26 70
90 27 133
90 28 67
90 31 190
90 32 105
90 34 47
90 35 84
90 37 60
90 40 193
90 43 155
90 46 170
90 48 88
90 49 127
90 50 46
90 51 24
90 52 192
90 54 68
90 55 113
90 56 180
90 57 104
90 58 2
90 60 18
90 63 103
90 64 88
90 67 172
90 73 94
90 75 122
90 79 130
90 82 138
90 83 198
90 86 199
90 87 1
90 88 48
90 89 77
90 93 76
90 94 23
90 95 93
90 96 52
90 98 19
90 99 108
91 2 43
91 4 144
91 5 68
91 9 7
91 10 107
91 11 159
91 13 54
91 16 102
91 17 102
91 18 143
91 22 98
91 23 156
91 24 43
91 25 83
91 27 184
91 28 44
91 31 37
91 32 111
91 33 57
91 34 117
91 36 199
91 38 180
91 40 141
91 42 12
91 45 152
91 46 130
91 51 174
91 52 130
91 53 199
91 54 17
91 55 65
91 58 27
91 60 184
91 61 122
91 62 135
91 63 105
91 65 45
91 66 10
91 68 179
91 70 167
91 71 15
91 72 3
91 73 35
91 74 158
91 75 12
91 76 14
91 77 44
91 79 57
91 80 39
91 81 23
91 83 130
91 84 33
91 85 189
91 86 96
91 87 181
91 88 146
91 89 135
91 93 76
91 94 169
91 95 53
91 97 66
91 98 16
91 99 165
92 3 146
92 8 200
92 14 50
92 15 87
92 17 127
92 18 98
92 20 15
92 22 194
92 23 21
92 25 99
92 26 47
92 27 95
92 29 59
92 33 74
92 34 44
92 36 76
92 37 121
92 38 44
92 39 97
92 41 70
92 42 8
92 43 14
92 45 144
92 47 142
92 49 71
92 50 145
92 51 176
92 52 25
92 54 81
92 56 188
92 57 117
92 58 37
92 59 11
92 61 187
92 65 89
92 68 169
92 69 22
92 70 106
92 71 45
92 72 127
92 73 158
92 75 197
92 77 175
92 78 86
92 79 96
92 80 148
92 82 200
92 83 173
92 84 115
92 86 190
92 89 187
92 94 81
92 95 52
92 96 42
93 2 76
93 4 162
93 5 104
93 7 200
93 10 147
93 13 49
93 14 194
93 15 75
93 16 28
93 18 9
93 19 104
93 20 123
93 22 80
93 23 99
93 24 139
93 26 168
93 27 45
93 28 128
93 29 119
93 31 188
93 32 146
93 35 126
93 36 128
93 37 41
93 40 90
93 41 95
93 43 63
93 44 29
93 46 181
93 47 83
93 49 180
93 50 51
93 51 60
93 52 19
93 53 179
93 56 174
93 58 95
93 61 61
93 65 21
93 66 133
93 68 198
93 71 50
93 72 165
93 74 157
93 76 161
93 79 116
93 80 183
93 81 97
93 83 17
93 87 87
93 88 83
93 89 77
93 90 76
93 91 76
93 94 189
93 95 131
93 96 167
94 1 47
94 2 69
94 3 113
94 6 36
94 7 125
94 12 167
94 13 82
94 14 14
94 15 168
94 18 130
94 20 120
94 21 52
94 24 123
94 25 171
94 28 161
94 29 156
94 30 75
94 31 28
94 33 24
94 36 60
94 40 7
94 41 199
94 42 174
94 43 9
94 44 128
94 46 197
94 49 37
94 50 11
94 53 176
94 57 148
94 58 195
94 60 64
94 61 61
94 62 73
94 64 54
94 65 15
94 67 20
94 72 89
94 73 184
94 75 185
94 78 107
94 79 124
94 81 50
94 83 121
94 85 56
94 87 144
94 88 191
94 90 23
94 91 169
94 92 81
94 93 189
94 95 72
94 97 15
94 99 77
95 3 4
95 4 65
95 5 57
95 6 66
95 9 63
95 10 12
95 12 47
95 13 158
95 14 186
95 15 36
95 17 21
95 18 126
95 20 168
95 21 183
95 28 102
95 29 200
95 30 168
95 32 110
95 34 142
95 41 173
95 42 193
95 43 23
95 44 12
95 45 106
95 46 152
95 47 48
95 49 143
95 51 107
95 53 168
95 54 15
95 55 91
95 56 51
95 57 55
95 58 192
95 59 169
95 60 70
95 62 38
95 63 156
95 66 147
95 67 87
95 68 9
95 69 182
95 70 58
95 71 160
95 73 134
95 74 200
95 75 81
95 78 28
95 82 93
95 83 136
95 86 105
95 89 101
95 90 93
95 91 53
95 92 52
95 93 131
95 94 72
95 96 18
95 98 19
95 99 113
96 2 8
96 3 93
96 5 163
96 7 156
96 8 34
96 10 11
96 12 24
96 13 126
96 15 193
96 17 35
96 18 29
96 19 26
96 24 159
96 26 184
96 30 135
96 32 87
96 33 12
96 35 71
96 36 70
96 37 200
96 38 17
96 40 186
96 42 16
96 45 135
96 46 80
96 52 112
96 53 32
96 54 66
96 55 48
96 56 77
96 57 185
96 58 128
96 60 179
96 61 122
96 62 43
96 66 81
96 68 74
96 69 171
96 70 27
96 71 22
96 72 171
96 73 32
96 74 14
96 75 36
96 76 74
96 78 199
96 79 139
96 84 143
96 86 113
96 87 21
96 89 19
96 90 52
96 92 42
96 93 167
96 95 18
97 1 13
97 2 49
97 5 73
97 6 140
97 7 18
97 12 106
97 14 42
97 15 42
97 17 112
97 27 25
97 30 23
97 31 96
97 32 190
97 33 174
97 37 105
97 38 42
97 39 144
97 42 29
97 44 114
97 46 136
97 47 57
97 49 34
97 51 61
97 55 149
97 60 18
97 63 37
97 64 50
97 66 97
97 69 48
97 72 189
97 73 178
97 74 46
97 78 182
97 82 186
97 83 102
97 85 191
97 86 13
97 87 95
97 88 69
97 89 180
97 91 66
97 94 15
97 98 163
98 1 23
98 2 114
98 3 40
98 4 176
98 6 75
98 7 47
98 10 177
98 12 72
98 13 47
98 14 121
98 15 41
98 21 53
98 22 107
98 23 95
98 27 137
98 28 106
98 29 86
98 33 200
98 35 123
98 37 148
98 38 163
98 40 108
98 44 144
98 45 61
98 47 1
98 49 14
98 50 135
98 51 179
98 52 31
98 54 88
98 55 144
98 58 104
98 60 171
98 61 173
98 62 167
98 63 65
98 64 144
98 68 175
98 71 11
98 72 36
98 73 189
98 77 4
98 82 94
98 83 184
98 84 158
98 86 131
98 89 19
98 90 19
98 91 16
98 95 19
98 97 163
2 t 25
4 t 199
5 t 83
6 t 72
7 t 5
8 t 64
11 t 7
12 t 105
15 t 97
16 t 81
18 t 36
19 t 122
20 t 32
21 t 35
22 t 196
23 t 121
25 t 29
27 t 173
29 t 5
30 t 62
32 t 49
33 t 172
34 t 92
38 t 5
41 t 66
42 t 129
43 t 36
46 t 36
47 t 55
48 t 195
51 t 175
53 t 60
56 t 13
57 t 42
60 t 134
63 t 135
64 t 153
66 t 108
70 t 161
73 t 5
74 t 116
77 t 19
78 t 166
81 t 129
84 t 37
86 t 156
88 t 14
89 t 153
90 t 108
91 t 165
94 t 77
95 t 113
