s 5 190
s 14 6
s 15 44
s 16 101
s 20 122
s 21 98
s 24 99
s 25 20
s 36 16
s 38 175
s 39 125
s 41 13
s 42 172
s 43 159
s 44 116
s 45 161
s 46 115
s 48 163
s 51 36
s 56 8
s 59 92
s 60 12
s 63 94
s 67 109
s 68 98
s 74 83
s 75 63
s 78 94
s 80 185
s 81 149
s 88 125
s 89 153
s 90 116
s 91 62
s 92 30
s 98 7
1 2 166
1 4 126
1 16 102
1 18 186
1 23 53
1 25 154
1 29 108
1 30 52
1 32 47
1 33 119
1 38 65
1 40 59
1 41 116
1 43 181
1 45 180
1 47 31
1 52 68
1 54 39
1 55 20
1 64 156
1 65 178
1 66 74
1 73 183
1 74 80
1 77 57
1 78 68
1 84 7
1 86 52
1 91 98
1 92 50
1 93 52
1 96 41
1 99 120
2 1 166
2 5 149
2 9 44
2 10 36
2 15 54
2 16 140
2 19 162
2 20 55
2 23 159
2 24 15
2 26 185
2 27 117
2 28 42
2 33 5
2 39 170
2 43 175
2 47 99
2 49 53
2 51 30
2 57 36
2 64 138
2 67 149
2 68 26
2 78 42
2 80 166
2 81 173
2 83 66
2 85 60
2 89 165
2 90 140
2 93 166
2 94 15
2 99 174
3 10 197
3 15 111
3 16 29
3 17 185
3 23 75
3 26 1
3 27 138
3 28 21
3 29 147
3 32 84
3 33 60
3 36 96
3 37 4
3 39 180
3 42 81
3 49 19
3 50 175
3 52 171
3 56 90
3 57 113
3 58 15
3 60 59
3 61 50
3 64 107
3 67 169
3 70 115
3 75 112
3 77 36
3 79 53
3 82 188
3 86 126
3 90 84
3 94 140
3 95 116
3 98 115
4 1 126
4 15 50
4 16 13
4 17 84
4 19 62
4 24 21
4 25 26
4 31 151
4 33 72
4 35 119
4 36 79
4 38 58
4 40 182
4 50 185
4 53 57
4 54 167
4 63 30
4 72 43
4 75 52
4 76 75
4 80 180
4 81 158
4 82 90
4 89 168
4 97 16
5 2 149
5 8 126
5 9 100
5 11 33
5 14 69
5 15 28
5 16 79
5 17 56
5 18 195
5 20 166
5 24 133
5 25 5
5 28 21
5 29 112
5 30 84
5 33 41
5 34 104
5 36 39
5 39 191
5 40 23
5 42 139
5 45 97
5 48 179
5 50 45
5 55 44
5 56 151
5 57 5
5 58 52
5 59 180
5 61 94
5 62 112
5 67 35
5 74 124
5 81 109
5 84 154
5 85 5
5 86 32
5 87 157
5 89 77
5 94 184
5 97 157
6 7 55
6 10 191
6 12 72
6 15 99
6 17 158
6 20 104
6 23 49
6 24 17
6 26 98
6 28 183
6 30 80
6 32 72
6 34 78
6 40 135
6 51 161
6 52 172
6 53 62
6 57 185
6 61 167
6 63 174
6 64 52
6 66 178
6 74 108
6 79 146
6 82 99
6 83 113
6 84 47
6 88 46
6 92 200
6 96 97
6 97 119
7 6 55
7 15 138
7 18 83
7 20 92
7 23 45
7 27 147
7 28 160
7 31 115
7 33 85
7 34 15
7 36 125
7 38 183
7 41 36
7 42 141
7 49 104
7 55 111
7 59 177
7 62 182
7 64 85
7 66 98
7 67 47
7 68 18
7 75 60
7 76 146
7 78 161
7 80 35
7 85 173
7 88 191
7 89 5
7 93 86
7 95 194
7 98 111
8 5 126
8 9 54
8 11 156
8 12 78
8 13 5
8 16 164
8 24 135
8 25 42
8 28 128
8 33 188
8 37 137
8 39 34
8 41 107
8 42 66
8 43 129
8 46 58
8 47 129
8 48 118
8 49 49
8 52 91
8 55 112
8 60 40
8 65 162
8 79 31
8 82 58
8 86 189
8 91 14
8 93 64
8 94 79
9 2 44
9 5 100
9 8 54
9 12 89
9 14 47
9 16 102
9 18 125
9 20 43
9 29 161
9 30 189
9 33 199
9 35 136
9 42 169
9 45 43
9 47 142
9 55 167
9 58 97
9 60 147
9 68 86
9 69 33
9 70 62
9 75 176
9 84 165
9 85 187
9 90 52
9 96 44
10 2 36
10 3 197
10 6 191
10 14 122
10 22 141
10 32 60
10 33 14
10 34 15
10 36 127
10 39 113
10 41 182
10 43 6
10 49 31
10 53 23
10 57 53
10 60 64
10 61 151
10 69 128
10 74 159
10 77 62
10 78 88
10 87 29
10 89 134
10 91 89
10 93 91
10 97 3
10 98 162
10 99 47
11 5 33
11 8 156
11 12 120
11 15 44
11 16 30
11 19 111
11 22 68
11 25 83
11 27 162
11 29 131
11 31 197
11 33 87
11 35 157
11 36 120
11 38 136
11 42 70
11 43 157
11 44 138
11 47 18
11 48 168
11 49 184
11 50 18
11 51 188
11 53 171
11 55 108
11 58 100
11 59 80
11 60 26
11 61 117
11 66 13
11 67 2
11 69 76
11 70 41
11 74 3
11 81 167
11 82 162
11 84 112
11 86 179
11 88 95
11 89 119
11 90 14
11 93 33
11 94 96
12 6 72
12 8 78
12 9 89
12 11 120
12 14 153
12 17 35
12 22 181
12 23 115
12 25 58
12 26 104
12 28 167
12 32 87
12 33 94
12 46 43
12 48 146
12 49 77
12 50 197
12 53 150
12 54 88
12 55 64
12 62 112
12 63 101
12 66 115
12 67 179
12 70 8
12 71 22
12 72 158
12 73 127
12 74 176
12 82 152
12 84 194
12 88 68
12 90 61
12 91 99
12 92 11
12 94 150
12 96 140
13 8 5
13 15 192
13 19 113
13 21 109
13 24 1
13 25 194
13 26 140
13 27 60
13 29 54
13 33 73
13 35 149
13 38 130
13 42 87
13 44 63
13 47 102
13 56 60
13 57 45
13 60 166
13 62 24
13 63 63
13 65 189
13 67 7
13 69 82
13 71 143
13 74 101
13 76 17
13 77 4
13 79 93
13 83 92
13 85 52
13 88 60
13 91 151
13 92 135
13 95 23
13 96 191
13 97 89
14 5 69
14 9 47
14 10 122
14 12 153
14 17 16
14 18 22
14 23 68
14 28 186
14 29 131
14 34 18
14 35 70
14 36 65
14 41 116
14 43 135
14 45 42
14 47 98
14 49 190
14 50 161
14 51 2
14 52 90
14 54 124
14 59 13
14 64 180
14 65 74
14 68 137
14 69 144
14 72 176
14 75 37
14 76 49
14 83 118
14 84 179
14 91 44
14 93 96
14 95 40
15 2 54
15 3 111
15 4 50
15 5 28
15 6 99
15 7 138
15 11 44
15 13 192
15 16 120
15 17 135
15 18 57
15 23 166
15 24 69
15 25 48
15 27 91
15 28 69
15 29 102
15 31 141
15 32 37
15 37 111
15 38 27
15 44 21
15 46 17
15 52 13
15 53 5
15 56 121
15 61 47
15 65 8
15 73 20
15 80 75
15 82 92
15 83 142
15 85 66
15 87 32
15 88 129
15 97 171
15 98 169
15 99 59
16 1 102
16 2 140
16 3 29
16 4 13
16 5 79
16 8 164
16 9 102
16 11 30
16 15 120
16 17 79
16 20 77
16 23 70
16 24 126
16 32 16
16 33 168
16 35 49
16 36 193
16 37 57
16 38 159
16 39 22
16 40 155
16 44 8
16 54 88
16 58 5
16 59 16
16 60 163
16 61 114
16 66 29
16 67 98
16 68 52
16 69 156
16 70 58
16 71 41
16 75 151
16 76 78
16 79 51
16 83 91
16 84 101
16 91 110
16 92 167
16 93 40
16 98 66
17 3 185
17 4 84
17 5 56
17 6 158
17 12 35
17 14 16
17 15 135
17 16 79
17 18 190
17 19 168
17 20 114
17 26 43
17 32 80
17 33 109
17 39 127
17 48 141
17 51 199
17 52 77
17 53 56
17 55 102
17 59 52
17 61 146
17 63 108
17 67 5
17 68 155
17 70 77
17 73 12
17 81 36
17 82 53
17 83 119
17 84 5
17 87 5
18 1 186
18 5 195
18 7 83
18 9 125
18 14 22
18 15 57
18 17 190
18 21 109
18 23 57
18 24 29
18 27 180
18 29 40
18 35 88
18 40 154
18 50 200
18 54 149
18 56 124
18 60 173
18 64 15
18 69 57
18 70 167
18 72 169
18 73 26
18 75 106
18 77 169
18 79 183
18 81 171
18 88 143
18 91 153
18 95 140
18 97 44
18 99 169
19 2 162
19 4 62
19 11 111
19 13 113
19 17 168
19 21 141
19 22 1
19 24 196
19 25 41
19 26 44
19 28 44
19 29 183
19 32 17
19 35 61
19 36 12
19 38 135
19 39 91
19 42 167
19 59 26
19 60 19
19 66 182
19 73 139
19 74 57
19 80 64
19 81 49
19 82 110
19 84 102
19 86 45
19 88 17
19 89 89
19 94 123
19 96 3
19 97 72
20 2 55
20 5 166
20 6 104
20 7 92
20 9 43
20 16 77
20 17 114
20 26 12
20 28 158
20 35 89
20 37 145
20 40 15
20 42 58
20 44 6
20 49 2
20 51 152
20 52 116
20 53 141
20 54 75
20 58 23
20 61 135
20 63 40
20 65 68
20 72 50
20 73 80
20 74 175
20 81 180
20 85 27
20 86 19
20 88 176
20 91 144
20 92 159
20 93 151
20 95 167
20 96 166
20 99 118
21 13 109
21 18 109
21 19 141
21 23 10
21 25 165
21 27 86
21 30 68
21 33 118
21 34 95
21 37 58
21 40 67
21 41 56
21 44 96
21 45 46
21 48 50
21 51 174
21 52 184
21 54 1
21 55 72
21 60 171
21 61 33
21 63 103
21 68 110
21 69 82
21 71 51
21 72 185
21 75 106
21 78 91
21 80 44
21 82 182
21 84 128
21 91 165
21 95 85
21 97 159
21 98 66
22 10 141
22 11 68
22 12 181
22 19 1
22 23 75
22 30 121
22 31 200
22 33 196
22 35 48
22 44 139
22 45 36
22 46 173
22 47 45
22 49 37
22 50 73
22 67 195
22 68 57
22 70 139
22 73 117
22 74 94
22 76 63
22 78 54
22 81 107
22 82 177
22 85 41
22 87 62
22 89 52
22 92 153
22 94 73
22 95 118
22 98 120
23 1 53
23 2 159
23 3 75
23 6 49
23 7 45
23 12 115
23 14 68
23 15 166
23 16 70
23 18 57
23 21 10
23 22 75
23 25 132
23 27 160
23 28 9
23 31 126
23 34 172
23 35 62
23 41 174
23 47 9
23 48 8
23 49 194
23 50 192
23 53 116
23 54 130
23 55 34
23 58 158
23 59 66
23 61 17
23 69 195
23 71 114
23 73 6
23 79 195
23 82 138
23 87 142
23 88 167
23 90 21
23 93 80
23 94 199
23 95 60
23 96 42
23 97 42
24 2 15
24 4 21
24 5 133
24 6 17
24 8 135
24 13 1
24 15 69
24 16 126
24 18 29
24 19 196
24 25 32
24 26 125
24 34 101
24 35 104
24 38 93
24 41 175
24 43 9
24 46 14
24 48 10
24 49 127
24 52 68
24 55 57
24 58 182
24 59 152
24 61 195
24 62 128
24 64 123
24 66 154
24 67 112
24 68 36
24 69 184
24 70 63
24 73 11
24 75 87
24 78 171
24 79 74
24 81 17
24 82 44
24 84 191
24 89 183
24 92 164
24 97 6
25 1 154
25 4 26
25 5 5
25 8 42
25 11 83
25 12 58
25 13 194
25 15 48
25 19 41
25 21 165
25 23 132
25 24 32
25 26 137
25 27 193
25 29 153
25 30 48
25 31 123
25 34 16
25 36 66
25 38 52
25 40 120
25 41 96
25 45 155
25 50 55
25 52 167
25 54 141
25 57 87
25 62 60
25 65 105
25 67 161
25 72 62
25 78 36
25 81 128
25 84 147
25 86 27
25 94 15
25 95 76
25 96 189
25 97 158
26 2 185
26 3 1
26 6 98
26 12 104
26 13 140
26 17 43
26 19 44
26 20 12
26 24 125
26 25 137
26 31 122
26 32 93
26 36 175
26 37 34
26 40 162
26 41 69
26 46 71
26 47 189
26 50 46
26 52 168
26 55 186
26 59 119
26 67 29
26 69 181
26 72 138
26 73 168
26 80 59
26 85 92
26 88 108
26 90 197
26 91 187
26 95 124
26 96 98
26 97 142
26 98 113
26 99 126
27 2 117
27 3 138
27 7 147
27 11 162
27 13 60
27 15 91
27 18 180
27 21 86
27 23 160
27 25 193
27 32 181
27 33 11
27 42 51
27 43 149
27 44 36
27 47 14
27 48 68
27 58 27
27 59 21
27 60 174
27 65 51
27 66 127
27 67 85
27 68 135
27 75 173
27 76 178
27 77 24
27 92 47
27 98 33
28 2 42
28 3 21
28 5 21
28 6 183
28 7 160
28 8 128
28 12 167
28 14 186
28 15 69
28 19 44
28 20 158
28 23 9
28 33 80
28 34 150
28 35 186
28 47 179
28 48 17
28 51 144
28 54 57
28 56 51
28 59 26
28 61 35
28 64 131
28 65 197
28 66 100
28 69 34
28 70 18
28 75 118
28 81 30
28 84 105
28 86 177
28 94 1
28 95 165
28 96 146
28 97 98
29 1 108
29 3 147
29 5 112
29 9 161
29 11 131
29 13 54
29 14 131
29 15 102
29 18 40
29 19 183
29 25 153
29 30 135
29 31 60
29 34 128
29 36 131
29 37 15
29 38 15
29 44 112
29 45 70
29 46 57
29 48 116
29 49 23
29 50 23
29 52 176
29 55 133
29 58 117
29 59 11
29 60 23
29 67 104
29 74 26
29 75 198
29 76 92
29 77 192
29 79 153
29 81 17
29 86 118
29 87 45
29 89 3
29 90 56
29 93 125
29 96 82
29 97 81
30 1 52
30 5 84
30 6 80
30 9 189
30 21 68
30 22 121
30 25 48
30 29 135
30 34 132
30 38 78
30 41 61
30 46 117
30 48 64
30 49 167
30 52 81
30 53 198
30 54 170
30 55 94
30 57 67
30 61 6
30 62 160
30 67 110
30 68 63
30 72 145
30 74 2
30 75 68
30 82 86
30 86 199
30 88 129
30 92 85
31 4 151
31 7 115
31 11 197
31 15 141
31 22 200
31 23 126
31 25 123
31 26 122
31 29 60
31 35 147
31 36 102
31 38 64
31 44 100
31 45 32
31 46 143
31 51 170
31 63 87
31 66 54
31 68 27
31 69 78
31 70 150
31 72 145
31 74 189
31 76 89
31 77 47
31 78 93
31 79 133
31 81 176
31 82 123
31 84 22
31 85 30
31 86 57
31 87 162
31 89 114
31 93 157
31 95 78
31 97 64
32 1 47
32 3 84
32 6 72
32 10 60
32 12 87
32 15 37
32 16 16
32 17 80
32 19 17
32 26 93
32 27 181
32 36 27
32 39 51
32 40 33
32 45 77
32 46 6
32 48 17
32 49 174
32 56 45
32 57 131
32 58 64
32 59 106
32 60 194
32 61 184
32 63 111
32 64 8
32 65 150
32 71 188
32 75 27
32 77 172
32 79 183
32 81 189
32 82 15
32 86 97
32 88 19
32 89 200
32 91 178
32 97 142
32 98 55
33 1 119
33 2 5
33 3 60
33 4 72
33 5 41
33 7 85
33 8 188
33 9 199
33 10 14
33 11 87
33 12 94
33 13 73
33 16 168
33 17 109
33 21 118
33 22 196
33 27 11
33 28 80
33 34 86
33 35 159
33 36 112
33 38 92
33 39 156
33 41 195
33 45 18
33 47 106
33 49 3
33 51 24
33 52 10
33 59 96
33 60 12
33 64 172
33 68 136
33 73 56
33 74 36
33 80 186
33 81 132
33 82 66
33 84 75
33 85 120
33 87 58
33 91 168
33 93 27
33 94 81
33 96 199
34 5 104
34 6 78
34 7 15
34 10 15
34 14 18
34 21 95
34 23 172
34 24 101
34 25 16
34 28 150
34 29 128
34 30 132
34 33 86
34 37 96
34 39 103
34 40 167
34 41 160
34 46 55
34 49 156
34 56 64
34 58 176
34 60 75
34 61 127
34 66 41
34 68 97
34 70 134
34 73 99
34 75 38
34 77 95
34 78 56
34 80 165
34 82 18
34 84 25
34 88 79
34 90 67
34 93 73
34 96 196
34 97 176
34 98 64
34 99 3
35 4 119
35 9 136
35 11 157
35 13 149
35 14 70
35 16 49
35 18 88
35 19 61
35 20 89
35 22 48
35 23 62
35 24 104
35 28 186
35 31 147
35 33 159
35 37 27
35 39 188
35 41 124
35 44 149
35 46 6
35 51 20
35 53 15
35 56 129
35 59 24
35 62 107
35 63 94
35 67 134
35 68 142
35 70 139
35 77 49
35 79 4
35 82 152
35 87 92
35 89 19
35 90 14
35 92 89
35 93 37
35 94 37
35 95 3
35 97 151
35 98 131
35 99 53
36 3 96
36 4 79
36 5 39
36 7 125
36 10 127
36 11 120
36 14 65
36 16 193
36 19 12
36 25 66
36 26 175
36 29 131
36 31 102
36 32 27
36 33 112
36 39 99
36 41 3
36 48 157
36 49 91
36 50 180
36 51 86
36 53 137
36 54 55
36 55 58
36 56 82
36 59 86
36 63 85
36 72 66
36 76 165
36 83 10
36 84 116
36 85 65
36 87 154
36 90 56
36 91 185
36 92 129
36 99 176
37 3 4
37 8 137
37 15 111
37 16 57
37 20 145
37 21 58
37 26 34
37 29 15
37 34 96
37 35 27
37 40 66
37 41 192
37 57 91
37 58 153
37 60 178
37 62 72
37 66 110
37 71 182
37 73 102
37 74 179
37 76 37
37 81 113
37 84 149
37 86 131
37 89 91
37 93 155
37 95 113
37 99 95
38 1 65
38 4 58
38 7 183
38 11 136
38 13 130
38 15 27
38 16 159
38 19 135
38 24 93
38 25 52
38 29 15
38 30 78
38 31 64
38 33 92
38 43 94
38 49 167
38 57 23
38 58 78
38 61 198
38 64 138
38 66 162
38 68 78
38 69 155
38 78 91
38 80 164
38 81 193
38 88 33
38 90 171
38 91 126
38 93 86
39 2 170
39 3 180
39 5 191
39 8 34
39 10 113
39 16 22
39 17 127
39 19 91
39 32 51
39 33 156
39 34 103
39 35 188
39 36 99
39 44 71
39 47 162
39 50 150
39 51 49
39 54 10
39 58 106
39 67 156
39 69 77
39 70 56
39 72 165
39 73 185
39 75 183
39 83 174
39 86 86
39 87 90
39 88 84
39 90 123
39 94 75
39 99 155
40 1 59
40 4 182
40 5 23
40 6 135
40 16 155
40 18 154
40 20 15
40 21 67
40 25 120
40 26 162
40 32 33
40 34 167
40 37 66
40 46 56
40 48 140
40 50 108
40 51 106
40 53 98
40 57 75
40 58 120
40 60 16
40 61 10
40 62 119
40 65 51
40 67 134
40 68 11
40 70 198
40 73 197
40 74 58
40 83 22
40 89 137
40 90 2
40 92 200
40 94 167
40 95 92
41 1 116
41 7 36
41 8 107
41 10 182
41 14 116
41 21 56
41 23 174
41 24 175
41 25 96
41 26 69
41 30 61
41 33 195
41 34 160
41 35 124
41 36 3
41 37 192
41 46 80
41 47 128
41 50 150
41 51 196
41 58 83
41 60 196
41 64 56
41 69 36
41 70 165
41 71 53
41 72 135
41 74 188
41 76 122
41 77 172
41 83 184
41 85 92
41 87 156
41 88 147
41 94 184
41 95 19
41 96 117
41 97 9
42 3 81
42 5 139
42 7 141
42 8 66
42 9 169
42 11 70
42 13 87
42 19 167
42 20 58
42 27 51
42 43 90
42 50 165
42 57 42
42 60 116
42 61 68
42 64 196
42 66 8
42 70 39
42 77 196
42 79 79
42 81 78
42 88 140
42 90 124
42 91 115
42 93 63
42 94 194
42 96 156
43 1 181
43 2 175
43 8 129
43 10 6
43 11 157
43 14 135
43 24 9
43 27 149
43 38 94
43 42 90
43 50 181
43 51 40
43 53 40
43 56 190
43 58 34
43 59 77
43 60 149
43 62 81
43 63 96
43 64 73
43 65 155
43 68 130
43 69 157
43 70 88
43 72 116
43 73 147
43 76 68
43 79 108
43 81 82
43 83 57
43 84 145
43 86 157
43 88 85
43 89 23
43 95 12
44 11 138
44 13 63
44 15 21
44 16 8
44 20 6
44 21 96
44 22 139
44 27 36
44 29 112
44 31 100
44 35 149
44 39 71
44 46 131
44 49 23
44 55 85
44 62 189
44 65 32
44 67 181
44 70 125
44 74 96
44 75 170
44 80 22
44 82 120
44 89 81
44 91 40
44 92 179
44 94 38
44 95 18
45 1 180
45 5 97
45 9 43
45 14 42
45 21 46
45 22 36
45 25 155
45 29 70
45 31 32
45 32 77
45 33 18
45 51 124
45 52 43
45 62 134
45 66 137
45 68 75
45 71 122
45 72 104
45 73 189
45 75 191
45 76 167
45 80 67
45 83 122
45 85 146
45 89 154
45 95 167
45 96 57
45 97 106
45 99 17
46 8 58
46 12 43
46 15 17
46 22 173
46 24 14
46 26 71
46 29 57
46 30 117
46 31 143
46 32 6
46 34 55
46 35 6
46 40 56
46 41 80
46 44 131
46 47 40
46 50 88
46 53 60
46 55 179
46 65 120
46 67 142
46 68 145
46 71 61
46 72 138
46 80 13
46 84 103
46 87 137
46 88 162
46 90 109
46 91 11
46 92 16
46 94 147
46 97 10
47 1 31
47 2 99
47 8 129
47 9 142
47 11 18
47 13 102
47 14 98
47 22 45
47 23 9
47 26 189
47 27 14
47 28 179
47 33 106
47 39 162
47 41 128
47 46 40
47 50 56
47 52 118
47 54 115
47 55 196
47 59 129
47 73 166
47 74 111
47 75 149
47 79 92
47 80 181
47 81 163
47 84 69
47 88 31
47 89 39
47 90 116
47 94 73
47 97 59
48 5 179
48 8 118
48 11 168
48 12 146
48 17 141
48 21 50
48 23 8
48 24 10
48 27 68
48 28 17
48 29 116
48 30 64
48 32 17
48 36 157
48 40 140
48 49 197
48 50 86
48 52 21
48 53 167
48 56 183
48 62 66
48 64 151
48 67 29
48 69 122
48 70 162
48 74 18
48 79 35
48 82 4
48 86 125
48 88 120
48 89 112
48 91 16
48 96 199
48 99 128
49 2 53
49 3 19
49 7 104
49 8 49
49 10 31
49 11 184
49 12 77
49 14 190
49 20 2
49 22 37
49 23 194
49 24 127
49 29 23
49 30 167
49 32 174
49 33 3
49 34 156
49 36 91
49 38 167
49 44 23
49 48 197
49 51 134
49 52 132
49 55 162
49 61 144
49 70 28
49 71 108
49 72 32
49 74 150
49 75 112
49 76 26
49 77 25
49 78 92
49 79 151
49 82 66
49 83 185
49 84 59
49 89 95
49 93 127
49 97 164
49 99 139
50 3 175
50 4 185
50 5 45
50 11 18
50 12 197
50 14 161
50 18 200
50 22 73
50 23 192
50 25 55
50 26 46
50 29 23
50 36 180
50 39 150
50 40 108
50 41 150
50 42 165
50 43 181
50 46 88
50 47 56
50 48 86
50 54 118
50 56 104
50 58 97
50 59 138
50 60 199
50 62 116
50 63 71
50 65 92
50 68 24
50 70 124
50 74 61
50 75 58
50 82 4
50 85 118
50 86 130
50 91 181
50 97 84
50 99 35
51 2 30
51 6 161
51 11 188
51 14 2
51 17 199
51 20 152
51 21 174
51 28 144
51 31 170
51 33 24
51 35 20
51 36 86
51 39 49
51 40 106
51 41 196
51 43 40
51 45 124
51 49 134
51 55 58
51 59 83
51 64 82
51 65 46
51 70 125
51 73 84
51 74 72
51 77 42
51 79 158
51 81 195
51 88 108
51 93 65
51 94 193
51 95 105
52 1 68
52 3 171
52 6 172
52 8 91
52 14 90
52 15 13
52 17 77
52 20 116
52 21 184
52 24 68
52 25 167
52 26 168
52 29 176
52 30 81
52 33 10
52 45 43
52 47 118
52 48 21
52 49 132
52 58 192
52 62 70
52 65 83
52 67 183
52 69 18
52 70 95
52 72 196
52 74 180
52 77 59
52 81 54
52 84 36
52 89 185
52 90 19
52 91 115
52 99 43
53 4 57
53 6 62
53 10 23
53 11 171
53 12 150
53 15 5
53 17 56
53 20 141
53 23 116
53 30 198
53 35 15
53 36 137
53 40 98
53 43 40
53 46 60
53 48 167
53 55 22
53 56 51
53 59 95
53 63 51
53 68 98
53 70 79
53 72 61
53 76 194
53 79 106
53 80 124
53 84 45
53 85 109
53 87 190
53 91 117
53 93 115
53 94 26
53 95 36
53 99 74
54 1 39
54 4 167
54 12 88
54 14 124
54 16 88
54 18 149
54 20 75
54 21 1
54 23 130
54 25 141
54 28 57
54 30 170
54 36 55
54 39 10
54 47 115
54 50 118
54 56 184
54 58 42
54 60 193
54 65 192
54 69 163
54 71 151
54 73 106
54 75 183
54 76 136
54 77 184
54 79 143
54 90 90
54 91 83
54 98 28
55 1 20
55 5 44
55 7 111
55 8 112
55 9 167
55 11 108
55 12 64
55 17 102
55 21 72
55 23 34
55 24 57
55 26 186
55 29 133
55 30 94
55 36 58
55 44 85
55 46 179
55 47 196
55 49 162
55 51 58
55 53 22
55 63 71
55 65 10
55 67 184
55 69 10
55 76 185
55 78 159
55 85 46
55 88 29
55 95 135
55 96 112
56 3 90
56 5 151
56 13 60
56 15 121
56 18 124
56 28 51
56 32 45
56 34 64
56 35 129
56 36 82
56 43 190
56 48 183
56 50 104
56 53 51
56 54 184
56 64 165
56 65 169
56 67 39
56 68 109
56 72 64
56 75 90
56 79 124
56 84 157
56 86 175
56 88 66
56 91 124
56 94 199
56 97 17
56 99 86
57 2 36
57 3 113
57 5 5
57 6 185
57 10 53
57 13 45
57 25 87
57 30 67
57 32 131
57 37 91
57 38 23
57 40 75
57 42 42
57 64 191
57 69 164
57 71 36
57 77 153
57 79 167
57 80 125
57 81 63
57 83 106
57 88 165
57 90 19
57 94 109
58 3 15
58 5 52
58 9 97
58 11 100
58 16 5
58 20 23
58 23 158
58 24 182
58 27 27
58 29 117
58 32 64
58 34 176
58 37 153
58 38 78
58 39 106
58 40 120
58 41 83
58 43 34
58 50 97
58 52 192
58 54 42
58 59 92
58 60 5
58 61 60
58 63 16
58 66 146
58 67 77
58 68 50
58 70 53
58 72 3
58 75 45
58 76 75
58 79 29
58 81 155
58 84 186
58 88 89
58 92 123
58 95 44
58 96 114
58 97 139
59 5 180
59 7 177
59 11 80
59 14 13
59 16 16
59 17 52
59 19 26
59 23 66
59 24 152
59 26 119
59 27 21
59 28 26
59 29 11
59 32 106
59 33 96
59 35 24
59 36 86
59 43 77
59 47 129
59 50 138
59 51 83
59 53 95
59 58 92
59 61 92
59 63 129
59 71 174
59 76 111
59 78 182
59 79 175
59 80 60
59 81 107
59 85 123
59 88 11
59 92 185
60 3 59
60 8 40
60 9 147
60 10 64
60 11 26
60 13 166
60 16 163
60 18 173
60 19 19
60 21 171
60 27 174
60 29 23
60 32 194
60 33 12
60 34 75
60 37 178
60 40 16
60 41 196
60 42 116
60 43 149
60 50 199
60 54 193
60 58 5
60 64 44
60 65 108
60 66 71
60 67 43
60 71 71
60 77 170
60 80 42
60 84 120
60 89 182
60 90 122
60 91 160
60 92 32
60 94 150
60 95 165
60 96 181
60 98 148
61 3 50
61 5 94
61 6 167
61 10 151
61 11 117
61 15 47
61 16 114
61 17 146
61 20 135
61 21 33
61 23 17
61 24 195
61 28 35
61 30 6
61 32 184
61 34 127
61 38 198
61 40 10
61 42 68
61 49 144
61 58 60
61 59 92
61 62 49
61 66 119
61 70 39
61 73 103
61 76 39
61 77 59
61 79 59
61 81 187
61 83 103
61 84 86
61 89 24
61 93 94
61 94 83
61 97 40
62 5 112
62 7 182
62 12 112
62 13 24
62 24 128
62 25 60
62 30 160
62 35 107
62 37 72
62 40 119
62 43 81
62 44 189
62 45 134
62 48 66
62 50 116
62 52 70
62 61 49
62 63 62
62 64 95
62 66 183
62 68 154
62 71 24
62 73 53
62 75 159
62 80 171
62 83 150
62 86 85
62 87 62
62 88 1
62 89 19
62 92 15
62 98 134
62 99 198
63 4 30
63 6 174
63 12 101
63 13 63
63 17 108
63 20 40
63 21 103
63 31 87
63 32 111
63 35 94
63 36 85
63 43 96
63 50 71
63 53 51
63 55 71
63 58 16
63 59 129
63 62 62
63 68 94
63 72 23
63 77 103
63 79 29
63 88 12
63 92 64
63 93 167
63 94 42
63 98 132
64 1 156
64 2 138
64 3 107
64 6 52
64 7 85
64 14 180
64 18 15
64 24 123
64 28 131
64 32 8
64 33 172
64 38 138
64 41 56
64 42 196
64 43 73
64 48 151
64 51 82
64 56 165
64 57 191
64 60 44
64 62 95
64 65 198
64 70 87
64 74 100
64 78 9
64 80 117
64 82 46
64 88 134
64 92 11
64 93 167
64 97 27
64 99 183
65 1 178
65 8 162
65 13 189
65 14 74
65 15 8
65 20 68
65 25 105
65 27 51
65 28 197
65 32 150
65 40 51
65 43 155
65 44 32
65 46 120
65 50 92
65 51 46
65 52 83
65 54 192
65 55 10
65 56 169
65 60 108
65 64 198
65 67 87
65 72 74
65 83 76
65 84 9
65 86 3
65 87 134
65 88 188
65 89 165
65 93 96
65 96 186
66 1 74
66 6 178
66 7 98
66 11 13
66 12 115
66 16 29
66 19 182
66 24 154
66 27 127
66 28 100
66 31 54
66 34 41
66 37 110
66 38 162
66 42 8
66 45 137
66 58 146
66 60 71
66 61 119
66 62 183
66 72 88
66 75 78
66 76 184
66 80 63
66 82 151
66 95 36
66 98 34
67 2 149
67 3 169
67 5 35
67 7 47
67 11 2
67 12 179
67 13 7
67 16 98
67 17 5
67 22 195
67 24 112
67 25 161
67 26 29
67 27 85
67 29 104
67 30 110
67 35 134
67 39 156
67 40 134
67 44 181
67 46 142
67 48 29
67 52 183
67 55 184
67 56 39
67 58 77
67 60 43
67 65 87
67 71 122
67 73 196
67 75 3
67 81 174
67 83 189
67 84 104
67 85 5
67 96 83
68 2 26
68 7 18
68 9 86
68 14 137
68 16 52
68 17 155
68 21 110
68 22 57
68 24 36
68 27 135
68 30 63
68 31 27
68 33 136
68 34 97
68 35 142
68 38 78
68 40 11
68 43 130
68 45 75
68 46 145
68 50 24
68 53 98
68 56 109
68 58 50
68 62 154
68 63 94
68 76 194
68 77 186
68 78 78
68 81 82
68 82 64
68 86 83
68 90 172
68 98 42
69 9 33
69 10 128
69 11 76
69 13 82
69 14 144
69 16 156
69 18 57
69 21 82
69 23 195
69 24 184
69 26 181
69 28 34
69 31 78
69 38 155
69 39 77
69 41 36
69 43 157
69 48 122
69 52 18
69 54 163
69 55 10
69 57 164
69 74 167
69 77 186
69 78 175
69 79 170
69 81 136
69 84 74
69 85 174
69 86 84
69 90 110
69 91 13
69 93 48
69 95 171
69 96 187
70 3 115
70 9 62
70 11 41
70 12 8
70 16 58
70 17 77
70 18 167
70 22 139
70 24 63
70 28 18
70 31 150
70 34 134
70 35 139
70 39 56
70 40 198
70 41 165
70 42 39
70 43 88
70 44 125
70 48 162
70 49 28
70 50 124
70 51 125
70 52 95
70 53 79
70 58 53
70 61 39
70 64 87
70 72 169
70 75 99
70 78 46
70 81 189
70 84 71
70 86 87
70 92 138
70 99 185
71 12 22
71 13 143
71 16 41
71 21 51
71 23 114
71 32 188
71 37 182
71 41 53
71 45 122
71 46 61
71 49 108
71 54 151
71 57 36
71 59 174
71 60 71
71 62 24
71 67 122
71 73 150
71 75 150
71 76 44
71 80 127
71 84 192
71 86 22
71 88 179
71 92 193
71 94 182
71 95 83
71 96 43
71 97 18
71 99 83
72 4 43
72 12 158
72 14 176
72 18 169
72 20 50
72 21 185
72 25 62
72 26 138
72 30 145
72 31 145
72 36 66
72 39 165
72 41 135
72 43 116
72 45 104
72 46 138
72 49 32
72 52 196
72 53 61
72 56 64
72 58 3
72 63 23
72 65 74
72 66 88
72 70 169
72 74 24
72 77 101
72 79 65
72 80 64
72 81 142
72 85 1
72 90 16
72 98 181
72 99 154
73 1 183
73 12 127
73 15 20
73 17 12
73 18 26
73 19 139
73 20 80
73 22 117
73 23 6
73 24 11
73 26 168
73 33 56
73 34 99
73 37 102
73 39 185
73 40 197
73 43 147
73 45 189
73 47 166
73 51 84
73 54 106
73 61 103
73 62 53
73 67 196
73 71 150
73 74 56
73 76 117
73 77 119
73 78 60
73 80 97
73 87 83
73 88 92
73 91 157
73 96 131
74 1 80
74 5 124
74 6 108
74 10 159
74 11 3
74 12 176
74 13 101
74 19 57
74 20 175
74 22 94
74 29 26
74 30 2
74 31 189
74 33 36
74 37 179
74 40 58
74 41 188
74 44 96
74 47 111
74 48 18
74 49 150
74 50 61
74 51 72
74 52 180
74 64 100
74 69 167
74 72 24
74 73 56
74 76 50
74 80 88
74 81 6
74 84 112
74 88 48
74 92 172
74 96 197
75 3 112
75 4 52
75 7 60
75 9 176
75 14 37
75 16 151
75 18 106
75 21 106
75 24 87
75 27 173
75 28 118
75 29 198
75 30 68
75 32 27
75 34 38
75 39 183
75 44 170
75 45 191
75 47 149
75 49 112
75 50 58
75 54 183
75 56 90
75 58 45
75 62 159
75 66 78
75 67 3
75 70 99
75 71 150
75 79 17
75 82 167
75 83 47
75 84 137
75 87 43
75 89 63
75 90 92
75 94 36
76 4 75
76 7 146
76 13 17
76 14 49
76 16 78
76 22 63
76 27 178
76 29 92
76 31 89
76 36 165
76 37 37
76 41 122
76 43 68
76 45 167
76 49 26
76 53 194
76 54 136
76 55 185
76 58 75
76 59 111
76 61 39
76 66 184
76 68 194
76 71 44
76 73 117
76 74 50
76 78 192
76 80 127
76 81 10
76 82 48
76 84 189
76 85 181
76 92 181
76 94 59
76 95 137
76 96 42
77 1 57
77 3 36
77 10 62
77 13 4
77 18 169
77 27 24
77 29 192
77 31 47
77 32 172
77 34 95
77 35 49
77 41 172
77 42 196
77 49 25
77 51 42
77 52 59
77 54 184
77 57 153
77 60 170
77 61 59
77 63 103
77 68 186
77 69 186
77 72 101
77 73 119
77 86 166
77 87 97
77 89 74
77 90 119
77 95 196
77 96 140
77 99 17
78 1 68
78 2 42
78 7 161
78 10 88
78 21 91
78 22 54
78 24 171
78 25 36
78 31 93
78 34 56
78 38 91
78 49 92
78 55 159
78 59 182
78 64 9
78 68 78
78 69 175
78 70 46
78 73 60
78 76 192
78 79 107
78 83 98
78 84 154
78 89 59
78 91 62
78 93 152
78 96 200
78 99 6
79 3 53
79 6 146
79 8 31
79 13 93
79 16 51
79 18 183
79 23 195
79 24 74
79 29 153
79 31 133
79 32 183
79 35 4
79 42 79
79 43 108
79 47 92
79 48 35
79 49 151
79 51 158
79 53 106
79 54 143
79 56 124
79 57 167
79 58 29
79 59 175
79 61 59
79 63 29
79 69 170
79 72 65
79 75 17
79 78 107
79 80 106
79 83 76
79 87 179
79 89 164
79 90 91
79 91 135
79 92 5
79 95 144
80 2 166
80 4 180
80 7 35
80 15 75
80 19 64
80 21 44
80 26 59
80 33 186
80 34 165
80 38 164
80 44 22
80 45 67
80 46 13
80 47 181
80 53 124
80 57 125
80 59 60
80 60 42
80 62 171
80 64 117
80 66 63
80 71 127
80 72 64
80 73 97
80 74 88
80 76 127
80 79 106
80 82 135
80 84 145
80 85 175
80 89 130
80 94 66
80 95 8
80 96 179
80 99 40
81 2 173
81 4 158
81 5 109
81 11 167
81 17 36
81 18 171
81 19 49
81 20 180
81 22 107
81 24 17
81 25 128
81 28 30
81 29 17
81 31 176
81 32 189
81 33 132
81 37 113
81 38 193
81 42 78
81 43 82
81 47 163
81 51 195
81 52 54
81 57 63
81 58 155
81 59 107
81 61 187
81 67 174
81 68 82
81 69 136
81 70 189
81 72 142
81 74 6
81 76 10
81 84 113
81 86 174
81 90 130
81 95 148
81 96 81
82 3 188
82 4 90
82 6 99
82 8 58
82 11 162
82 12 152
82 15 92
82 17 53
82 19 110
82 21 182
82 22 177
82 23 138
82 24 44
82 30 86
82 31 123
82 32 15
82 33 66
82 34 18
82 35 152
82 44 120
82 48 4
82 49 66
82 50 4
82 64 46
82 66 151
82 68 64
82 75 167
82 76 48
82 80 135
82 83 194
82 85 86
82 88 25
82 89 42
82 91 149
82 93 48
82 95 166
82 97 196
82 99 179
83 2 66
83 6 113
83 13 92
83 14 118
83 15 142
83 16 91
83 17 119
83 36 10
83 39 174
83 40 22
83 41 184
83 43 57
83 45 122
83 49 185
83 57 106
83 61 103
83 62 150
83 65 76
83 67 189
83 75 47
83 78 98
83 79 76
83 82 194
83 86 151
83 88 113
83 89 171
83 94 160
83 95 48
83 96 30
83 99 37
84 1 7
84 5 154
84 6 47
84 9 165
84 11 112
84 12 194
84 14 179
84 16 101
84 17 5
84 19 102
84 21 128
84 24 191
84 25 147
84 28 105
84 31 22
84 33 75
84 34 25
84 36 116
84 37 149
84 43 145
84 46 103
84 47 69
84 49 59
84 52 36
84 53 45
84 56 157
84 58 186
84 60 120
84 61 86
84 65 9
84 67 104
84 69 74
84 70 71
84 71 192
84 74 112
84 75 137
84 76 189
84 78 154
84 80 145
84 81 113
84 88 147
84 90 184
84 98 79
85 2 60
85 5 5
85 7 173
85 9 187
85 13 52
85 15 66
85 20 27
85 22 41
85 26 92
85 31 30
85 33 120
85 36 65
85 41 92
85 45 146
85 50 118
85 53 109
85 55 46
85 59 123
85 67 5
85 69 174
85 72 1
85 76 181
85 80 175
85 82 86
85 88 46
85 92 96
85 94 105
85 98 61
85 99 87
86 1 52
86 3 126
86 5 32
86 8 189
86 11 179
86 19 45
86 20 19
86 25 27
86 28 177
86 29 118
86 30 199
86 31 57
86 32 97
86 37 131
86 39 86
86 43 157
86 48 125
86 50 130
86 56 175
86 62 85
86 65 3
86 68 83
86 69 84
86 70 87
86 71 22
86 77 166
86 81 174
86 83 151
86 87 63
86 90 82
86 94 37
86 98 168
86 99 85
87 5 157
87 10 29
87 15 32
87 17 5
87 22 62
87 23 142
87 29 45
87 31 162
87 33 58
87 35 92
87 36 154
87 39 90
87 41 156
87 46 137
87 53 190
87 62 62
87 65 134
87 73 83
87 75 43
87 77 97
87 79 179
87 86 63
87 89 154
87 99 132
88 6 46
88 7 191
88 11 95
88 12 68
88 13 60
88 15 129
88 18 143
88 19 17
88 20 176
88 23 167
88 26 108
88 30 129
88 32 19
88 34 79
88 38 33
88 39 84
88 41 147
88 42 140
88 43 85
88 46 162
88 47 31
88 48 120
88 51 108
88 55 29
88 56 66
88 57 165
88 58 89
88 59 11
88 62 1
88 63 12
88 64 134
88 65 188
88 71 179
88 73 92
88 74 48
88 82 25
88 83 113
88 84 147
88 85 46
88 89 85
88 90 61
88 94 110
88 95 133
89 2 165
89 4 168
89 5 77
89 7 5
89 10 134
89 11 119
89 19 89
89 22 52
89 24 183
89 29 3
89 31 114
89 32 200
89 35 19
89 37 91
89 40 137
89 43 23
89 44 81
89 45 154
89 47 39
89 48 112
89 49 95
89 52 185
89 60 182
89 61 24
89 62 19
89 65 165
89 75 63
89 77 74
89 78 59
89 79 164
89 80 130
89 82 42
89 83 171
89 87 154
89 88 85
89 90 103
89 92 115
89 95 115
89 96 137
89 99 196
90 2 140
90 3 84
90 9 52
90 11 14
90 12 61
90 23 21
90 26 197
90 29 56
90 34 67
90 35 14
90 36 56
90 38 171
90 39 123
90 40 2
90 42 124
90 46 109
90 47 116
90 52 19
90 54 90
90 57 19
90 60 122
90 68 172
90 69 110
90 72 16
90 75 92
90 77 119
90 79 91
90 81 130
90 84 184
90 86 82
90 88 61
90 89 103
90 91 42
90 92 190
90 96 67
90 98 5
90 99 150
91 1 98
91 8 14
91 10 89
91 12 99
91 13 151
91 14 44
91 16 110
91 18 153
91 20 144
91 21 165
91 26 187
91 32 178
91 33 168
91 36 185
91 38 126
91 42 115
91 44 40
91 46 11
91 48 16
91 50 181
91 52 115
91 53 117
91 54 83
91 56 124
91 60 160
91 69 13
91 73 157
91 78 62
91 79 135
91 82 149
91 90 42
91 95 36
91 99 190
92 1 50
92 6 200
92 12 11
92 13 135
92 16 167
92 20 159
92 22 153
92 24 164
92 27 47
92 30 85
92 35 89
92 36 129
92 40 200
92 44 179
92 46 16
92 58 123
92 59 185
92 60 32
92 62 15
92 63 64
92 64 11
92 70 138
92 71 193
92 74 172
92 76 181
92 79 5
92 85 96
92 89 115
92 90 190
92 95 104
92 97 40
92 99 196
93 1 52
93 2 166
93 7 86
93 8 64
93 10 91
93 11 33
93 14 96
93 16 40
93 20 151
93 23 80
93 29 125
93 31 157
93 33 27
93 34 73
93 35 37
93 37 155
93 38 86
93 42 63
93 49 127
93 51 65
93 53 115
93 61 94
93 63 167
93 64 167
93 65 96
93 69 48
93 78 152
93 82 48
93 95 28
93 99 187
94 2 15
94 3 140
94 5 184
94 8 79
94 11 96
94 12 150
94 19 123
94 22 73
94 23 199
94 25 15
94 28 1
94 33 81
94 35 37
94 39 75
94 40 167
94 41 184
94 42 194
94 44 38
94 46 147
94 47 73
94 51 193
94 53 26
94 56 199
94 57 109
94 60 150
94 61 83
94 63 42
94 71 182
94 75 36
94 76 59
94 80 66
94 83 160
94 85 105
94 86 37
94 88 110
94 96 186
94 98 90
95 3 116
95 7 194
95 13 23
95 14 40
95 18 140
95 20 167
95 21 85
95 22 118
95 23 60
95 25 76
95 26 124
95 28 165
95 31 78
95 35 3
95 37 113
95 40 92
95 41 19
95 43 12
95 44 18
95 45 167
95 51 105
95 53 36
95 55 135
95 58 44
95 60 165
95 66 36
95 69 171
95 71 83
95 76 137
95 77 196
95 79 144
95 80 8
95 81 148
95 82 166
95 83 48
95 88 133
95 89 115
95 91 36
95 92 104
95 93 28
95 96 113
95 98 110
96 1 41
96 6 97
96 9 44
96 12 140
96 13 191
96 19 3
96 20 166
96 23 42
96 25 189
96 26 98
96 28 146
96 29 82
96 33 199
96 34 196
96 41 117
96 42 156
96 45 57
96 48 199
96 55 112
96 58 114
96 60 181
96 65 186
96 67 83
96 69 187
96 71 43
96 73 131
96 74 197
96 76 42
96 77 140
96 78 200
96 80 179
96 81 81
96 83 30
96 89 137
96 90 67
96 94 186
96 95 113
96 98 6
96 99 67
97 4 16
97 5 157
97 6 119
97 10 3
97 13 89
97 15 171
97 18 44
97 19 72
97 21 159
97 23 42
97 24 6
97 25 158
97 26 142
97 28 98
97 29 81
97 31 64
97 32 142
97 34 176
97 35 151
97 41 9
97 45 106
97 46 10
97 47 59
97 49 164
97 50 84
97 56 17
97 58 139
97 61 40
97 64 27
97 71 18
97 82 196
97 92 40
98 3 115
98 7 111
98 10 162
98 15 169
98 16 66
98 21 66
98 22 120
98 26 113
98 27 33
98 32 55
98 34 64
98 35 131
98 54 28
98 60 148
98 62 134
98 63 132
98 66 34
98 68 42
98 72 181
98 84 79
98 85 61
98 86 168
98 90 5
98 94 90
98 95 110
98 96 6
1 t 120
2 t 174
10 t 47
15 t 59
18 t 169
20 t 118
26 t 126
34 t 3
35 t 53
36 t 176
37 t 95
39 t 155
45 t 17
48 t 128
49 t 139
50 t 35
52 t 43
53 t 74
56 t 86
62 t 198
64 t 183
70 t 185
71 t 83
72 t 154
77 t 17
78 t 6
80 t 40
82 t 179
83 t 37
85 t 87
86 t 85
87 t 132
89 t 196
90 t 150
91 t 190
92 t 196
93 t 187
96 t 67
