s 5 196
s 10 99
s 12 41
s 18 124
s 20 98
s 22 82
s 27 65
s 28 77
s 30 74
s 35 20
s 43 141
s 44 4
s 50 161
s 51 78
s 53 25
s 63 74
s 65 102
s 67 38
s 68 67
s 69 65
s 70 184
s 71 50
s 73 175
s 83 39
s 86 134
s 90 128
1 7 154
1 20 151
1 21 73
1 22 7
1 23 179
1 25 189
1 29 79
1 30 75
1 37 40
1 44 76
1 45 173
1 49 95
1 52 62
1 58 42
1 66 99
1 72 112
1 80 29
1 83 103
1 91 62
1 95 157
1 96 62
2 3 24
2 10 24
2 11 79
2 20 144
2 28 114
2 31 133
2 37 87
2 56 183
2 58 106
2 59 156
2 61 199
2 70 93
2 72 104
2 75 50
2 78 47
2 80 110
2 84 115
2 87 177
2 91 26
2 92 197
2 95 18
3 2 24
3 5 132
3 7 154
3 11 192
3 26 2
3 28 95
3 34 59
3 44 3
3 48 109
3 51 23
3 55 11
3 57 137
3 62 188
3 65 117
3 72 95
3 79 163
3 82 104
3 84 75
3 88 135
3 89 81
3 90 128
3 91 161
4 8 24
4 9 172
4 11 31
4 18 70
4 19 183
4 25 105
4 26 145
4 31 126
4 42 55
4 48 110
4 53 106
4 58 43
4 60 184
4 61 12
4 63 36
4 69 174
4 71 82
4 75 5
4 77 88
4 86 38
4 90 61
4 94 110
4 96 16
5 3 132
5 7 104
5 8 26
5 16 43
5 18 180
5 24 15
5 26 67
5 28 8
5 30 174
5 38 22
5 43 159
5 45 128
5 46 48
5 51 16
5 62 124
5 63 26
5 64 149
5 65 30
5 66 158
5 67 165
5 69 93
5 70 31
5 77 159
5 78 150
5 80 63
5 84 109
5 86 173
5 89 8
5 96 182
6 7 139
6 8 200
6 13 33
6 15 69
6 22 141
6 32 32
6 33 198
6 34 73
6 37 103
6 40 123
6 42 163
6 53 101
6 55 23
6 57 84
6 58 160
6 70 144
6 72 2
6 78 160
6 79 28
6 87 75
6 91 107
6 93 56
6 95 130
6 99 107
7 1 154
7 3 154
7 5 104
7 6 139
7 8 169
7 15 137
7 16 173
7 21 30
7 22 116
7 24 47
7 25 186
7 30 101
7 33 84
7 51 14
7 53 171
7 57 15
7 58 71
7 59 124
7 64 171
7 66 151
7 82 88
7 90 145
7 91 81
7 95 81
7 98 39
8 4 24
8 5 26
8 6 200
8 7 169
8 10 10
8 23 96
8 24 4
8 30 55
8 38 123
8 40 69
8 42 87
8 43 72
8 44 150
8 46 125
8 47 133
8 54 161
8 55 79
8 56 65
8 57 185
8 58 150
8 59 176
8 70 133
8 80 98
8 84 153
8 90 140
8 93 40
9 4 172
9 11 90
9 19 15
9 22 149
9 28 196
9 31 161
9 32 163
9 36 58
9 39 62
9 46 185
9 47 97
9 51 32
9 53 197
9 54 11
9 55 19
9 61 102
9 62 184
9 65 13
9 68 171
9 69 27
9 73 31
9 79 9
9 84 97
9 86 114
9 93 145
9 94 57
10 2 24
10 8 10
10 11 63
10 19 79
10 24 184
10 30 57
10 31 173
10 38 156
10 44 14
10 45 199
10 46 175
10 53 185
10 56 170
10 63 81
10 64 90
10 72 3
10 79 29
10 85 178
10 87 144
10 93 148
11 2 79
11 3 192
11 4 31
11 9 90
11 10 63
11 13 8
11 15 57
11 18 15
11 20 73
11 22 183
11 24 98
11 34 97
11 38 113
11 46 38
11 54 156
11 55 137
11 56 166
11 61 43
11 70 174
11 71 121
11 72 181
11 75 76
11 76 171
11 81 124
11 85 199
11 88 138
11 90 193
11 97 39
11 99 6
12 13 101
12 24 189
12 27 157
12 33 31
12 35 62
12 36 48
12 37 42
12 38 104
12 44 144
12 46 97
12 49 141
12 50 102
12 52 55
12 53 174
12 55 113
12 57 169
12 63 176
12 64 34
12 65 115
12 70 146
12 71 122
12 73 151
12 75 86
12 89 97
12 91 121
12 95 126
13 6 33
13 11 8
13 12 101
13 16 103
13 19 113
13 24 38
13 31 181
13 40 140
13 43 14
13 46 48
13 48 179
13 50 57
13 52 73
13 53 46
13 60 196
13 62 17
13 63 1
13 79 72
13 81 96
13 84 46
13 93 142
13 99 137
14 19 93
14 20 27
14 26 163
14 29 93
14 30 124
14 34 1
14 40 82
14 42 173
14 44 140
14 49 79
14 66 7
14 67 69
14 71 196
14 74 54
14 78 53
14 81 151
14 84 22
14 88 73
14 91 94
14 99 117
15 6 69
15 7 137
15 11 57
15 17 138
15 19 18
15 21 20
15 27 42
15 29 114
15 31 134
15 33 139
15 40 2
15 43 82
15 50 53
15 51 145
15 55 197
15 59 129
15 60 178
15 63 52
15 69 100
15 71 177
15 81 21
15 89 87
15 90 2
15 96 168
15 97 79
15 99 177
16 5 43
16 7 173
16 13 103
16 17 93
16 23 52
16 26 56
16 31 125
16 33 65
16 36 197
16 37 156
16 40 163
16 43 147
16 44 67
16 53 27
16 54 107
16 56 196
16 59 74
16 60 112
16 66 143
16 67 65
16 71 185
16 75 147
16 77 157
16 80 120
16 81 34
16 83 175
16 91 199
16 93 49
17 15 138
17 16 93
17 33 154
17 34 23
17 42 124
17 49 172
17 51 52
17 59 145
17 66 62
17 73 124
17 77 186
17 79 8
17 81 3
17 82 134
17 84 153
17 86 86
17 93 74
17 97 151
17 98 51
18 4 70
18 5 180
18 11 15
18 19 4
18 21 44
18 23 110
18 26 181
18 30 186
18 34 100
18 40 122
18 44 54
18 45 75
18 52 151
18 54 164
18 56 184
18 58 194
18 60 23
18 61 94
18 65 151
18 68 55
18 78 99
18 80 71
18 81 98
18 85 119
18 88 87
18 90 158
18 93 187
18 98 96
19 4 183
19 9 15
19 10 79
19 13 113
19 14 93
19 15 18
19 18 4
19 24 164
19 32 7
19 36 105
19 38 2
19 40 92
19 42 87
19 50 10
19 57 35
19 59 191
19 60 73
19 69 200
19 73 196
19 78 159
19 79 6
19 82 73
19 83 172
19 84 34
19 87 107
19 89 194
19 95 9
20 1 151
20 2 144
20 11 73
20 14 27
20 21 64
20 22 137
20 23 71
20 24 157
20 32 69
20 37 153
20 39 138
20 43 98
20 44 186
20 45 66
20 46 177
20 47 177
20 51 167
20 53 39
20 56 169
20 58 5
20 59 122
20 70 54
20 77 33
20 78 71
20 81 70
20 83 63
20 88 171
20 96 84
20 98 77
20 99 5
21 1 73
21 7 30
21 15 20
21 18 44
21 20 64
21 25 84
21 30 98
21 33 24
21 36 33
21 39 183
21 54 57
21 57 191
21 58 114
21 66 51
21 73 156
21 76 180
21 77 75
21 78 120
21 80 198
21 81 116
21 85 182
21 90 172
21 93 90
21 97 114
21 98 40
21 99 197
22 1 7
22 6 141
22 7 116
22 9 149
22 11 183
22 20 137
22 24 32
22 25 22
22 26 12
22 30 91
22 38 26
22 40 136
22 44 2
22 50 99
22 57 161
22 60 52
22 63 167
22 64 194
22 66 193
22 69 59
22 71 84
22 80 163
22 81 69
22 84 94
22 88 59
22 90 87
22 92 39
22 96 45
22 97 111
22 98 118
23 1 179
23 8 96
23 16 52
23 18 110
23 20 71
23 27 131
23 29 46
23 31 195
23 35 99
23 36 181
23 39 85
23 41 157
23 53 8
23 54 88
23 59 192
23 64 162
23 66 132
23 70 97
23 71 30
23 78 48
23 81 186
23 83 15
23 91 93
23 96 30
24 5 15
24 7 47
24 8 4
24 10 184
24 11 98
24 12 189
24 13 38
24 19 164
24 20 157
24 22 32
24 30 87
24 37 129
24 38 7
24 42 82
24 43 72
24 50 99
24 52 137
24 53 14
24 55 160
24 62 86
24 65 8
24 69 107
24 77 10
24 78 78
24 81 40
24 84 182
24 88 190
24 96 22
24 97 131
25 1 189
25 4 105
25 7 186
25 21 84
25 22 22
25 26 105
25 29 172
25 34 127
25 35 118
25 38 145
25 41 21
25 43 73
25 45 181
25 49 38
25 54 106
25 55 17
25 65 70
25 70 105
25 73 170
25 84 38
25 86 168
25 89 97
25 92 170
25 94 1
25 96 66
25 98 194
26 3 2
26 4 145
26 5 67
26 14 163
26 16 56
26 18 181
26 22 12
26 25 105
26 31 185
26 33 179
26 34 59
26 35 55
26 37 179
26 50 105
26 53 186
26 54 99
26 55 63
26 59 92
26 62 7
26 72 40
26 74 6
26 80 173
26 85 183
26 87 81
26 91 155
26 92 159
26 93 127
26 97 152
27 12 157
27 15 42
27 23 131
27 32 170
27 39 193
27 40 114
27 41 46
27 51 180
27 59 36
27 65 48
27 71 92
27 73 118
27 85 18
27 90 10
27 91 37
27 93 96
27 97 28
27 98 119
28 2 114
28 3 95
28 5 8
28 9 196
28 32 7
28 37 123
28 44 11
28 46 115
28 48 168
28 57 160
28 58 183
28 61 25
28 62 31
28 67 186
28 72 58
28 81 59
28 83 192
28 85 81
28 86 26
28 89 28
28 97 114
28 98 131
29 1 79
29 14 93
29 15 114
29 23 46
29 25 172
29 30 134
29 36 78
29 39 138
29 41 5
29 44 182
29 48 19
29 50 180
29 51 19
29 52 144
29 57 162
29 60 193
29 75 181
29 76 69
29 77 36
29 83 192
29 90 196
29 91 33
29 94 142
30 1 75
30 5 174
30 7 101
30 8 55
30 10 57
30 14 124
30 18 186
30 21 98
30 22 91
30 24 87
30 29 134
30 33 18
30 37 135
30 43 163
30 44 165
30 45 63
30 48 8
30 65 197
30 66 86
30 67 32
30 72 23
30 74 197
30 80 139
30 83 131
30 86 151
30 87 109
30 88 136
30 98 104
30 99 33
31 2 133
31 4 126
31 9 161
31 10 173
31 13 181
31 15 134
31 16 125
31 23 195
31 26 185
31 32 122
31 33 103
31 38 30
31 51 184
31 58 165
31 59 196
31 61 189
31 64 92
31 65 190
31 66 113
31 67 52
31 68 32
31 70 31
31 74 132
31 81 106
31 83 22
31 84 122
31 88 176
31 94 97
31 96 164
31 99 173
32 6 32
32 9 163
32 19 7
32 20 69
32 27 170
32 28 7
32 31 122
32 35 115
32 42 183
32 49 192
32 54 142
32 60 179
32 61 180
32 63 35
32 64 175
32 72 135
32 73 42
32 76 154
32 77 136
32 94 95
32 98 44
32 99 168
33 6 198
33 7 84
33 12 31
33 15 139
33 16 65
33 17 154
33 21 24
33 26 179
33 30 18
33 31 103
33 39 132
33 40 87
33 42 188
33 52 193
33 67 15
33 70 12
33 71 198
33 72 52
33 74 118
33 82 24
33 86 190
33 92 103
33 93 22
33 96 86
33 97 29
34 3 59
34 6 73
34 11 97
34 14 1
34 17 23
34 18 100
34 25 127
34 26 59
34 35 59
34 41 162
34 46 31
34 53 65
34 54 195
34 55 105
34 63 47
34 65 39
34 70 53
34 73 117
34 77 158
34 89 154
34 94 145
35 12 62
35 23 99
35 25 118
35 26 55
35 32 115
35 34 59
35 38 81
35 41 139
35 48 49
35 50 105
35 53 95
35 55 98
35 57 87
35 60 109
35 68 159
35 69 26
35 70 78
35 71 83
35 77 59
35 81 181
35 83 13
35 86 85
35 87 170
35 89 68
35 93 84
35 95 105
35 96 165
36 9 58
36 12 48
36 16 197
36 19 105
36 21 33
36 23 181
36 29 78
36 38 66
36 46 19
36 48 26
36 53 65
36 68 129
36 74 5
36 76 150
36 78 181
36 81 153
36 92 48
36 93 180
36 95 46
37 1 40
37 2 87
37 6 103
37 12 42
37 16 156
37 20 153
37 24 129
37 26 179
37 28 123
37 30 135
37 39 3
37 41 56
37 51 74
37 52 82
37 53 148
37 58 125
37 59 74
37 64 69
37 65 20
37 67 64
37 72 29
37 75 187
37 77 196
37 82 27
37 83 29
37 88 116
37 91 169
37 93 103
37 94 96
37 97 74
37 98 4
38 5 22
38 8 123
38 10 156
38 11 113
38 12 104
38 19 2
38 22 26
38 24 7
38 25 145
38 31 30
38 35 81
38 36 66
38 40 110
38 56 142
38 62 98
38 69 161
38 73 200
38 74 177
38 75 80
38 78 75
38 82 182
38 83 177
38 87 14
38 89 130
38 99 118
39 9 62
39 20 138
39 21 183
39 23 85
39 27 193
39 29 138
39 33 132
39 37 3
39 42 6
39 45 18
39 52 76
39 56 123
39 58 33
39 60 129
39 61 51
39 63 20
39 70 66
39 71 127
39 73 167
39 75 102
39 77 114
39 83 56
39 86 183
39 87 83
39 88 98
39 90 84
39 93 148
39 99 28
40 6 123
40 8 69
40 13 140
40 14 82
40 15 2
40 16 163
40 18 122
40 19 92
40 22 136
40 27 114
40 33 87
40 38 110
40 42 114
40 43 5
40 45 23
40 46 32
40 47 88
40 48 163
40 51 156
40 53 83
40 54 31
40 57 197
40 58 132
40 61 58
40 67 79
40 69 139
40 81 116
40 85 106
40 90 124
40 91 109
40 94 115
40 96 74
41 23 157
41 25 21
41 27 46
41 29 5
41 34 162
41 35 139
41 37 56
41 42 179
41 56 190
41 57 154
41 62 1
41 65 105
41 71 185
41 76 44
41 82 149
41 95 160
41 97 16
42 4 55
42 6 163
42 8 87
42 14 173
42 17 124
42 19 87
42 24 82
42 32 183
42 33 188
42 39 6
42 40 114
42 41 179
42 49 12
42 52 110
42 58 191
42 59 124
42 60 196
42 63 74
42 66 124
42 69 143
42 80 116
42 82 24
42 85 190
42 89 99
42 94 103
43 5 159
43 8 72
43 13 14
43 15 82
43 16 147
43 20 98
43 24 72
43 25 73
43 30 163
43 40 5
43 45 119
43 47 173
43 53 146
43 78 83
43 80 19
43 83 3
43 84 172
43 91 1
43 96 2
43 97 143
44 1 76
44 3 3
44 8 150
44 10 14
44 12 144
44 14 140
44 16 67
44 18 54
44 20 186
44 22 2
44 28 11
44 29 182
44 30 165
44 46 20
44 48 36
44 49 100
44 50 136
44 52 111
44 57 8
44 60 119
44 64 118
44 68 82
44 81 143
44 88 85
44 89 36
44 91 118
44 92 70
44 94 42
45 1 173
45 5 128
45 10 199
45 18 75
45 20 66
45 25 181
45 30 63
45 39 18
45 40 23
45 43 119
45 46 176
45 52 112
45 54 196
45 60 18
45 77 56
45 93 134
45 95 50
46 5 48
46 8 125
46 9 185
46 10 175
46 11 38
46 12 97
46 13 48
46 20 177
46 28 115
46 34 31
46 36 19
46 40 32
46 44 20
46 45 176
46 61 16
46 64 4
46 65 23
46 71 93
46 74 137
46 75 162
46 76 85
46 92 65
46 93 41
47 8 133
47 9 97
47 20 177
47 40 88
47 43 173
47 48 38
47 52 15
47 56 19
47 59 105
47 62 40
47 63 53
47 64 72
47 74 108
47 76 25
47 78 144
47 79 147
47 85 139
47 86 190
47 88 132
47 96 174
47 98 191
48 3 109
48 4 110
48 13 179
48 28 168
48 29 19
48 30 8
48 35 49
48 36 26
48 40 163
48 44 36
48 47 38
48 51 181
48 54 139
48 63 162
48 68 135
48 73 96
48 78 79
48 99 95
49 1 95
49 12 141
49 14 79
49 17 172
49 25 38
49 32 192
49 42 12
49 44 100
49 50 127
49 53 75
49 54 176
49 62 14
49 69 93
49 73 173
49 81 195
49 89 105
49 95 102
49 97 51
50 12 102
50 13 57
50 15 53
50 19 10
50 22 99
50 24 99
50 26 105
50 29 180
50 35 105
50 44 136
50 49 127
50 51 77
50 56 71
50 60 120
50 73 111
50 77 24
50 80 94
50 83 103
50 86 1
50 99 85
51 3 23
51 5 16
51 7 14
51 9 32
51 15 145
51 17 52
51 20 167
51 27 180
51 29 19
51 31 184
51 37 74
51 40 156
51 48 181
51 50 77
51 67 39
51 70 64
51 71 166
51 77 76
51 88 114
51 92 32
52 1 62
52 12 55
52 13 73
52 18 151
52 24 137
52 29 144
52 33 193
52 37 82
52 39 76
52 42 110
52 44 111
52 45 112
52 47 15
52 53 129
52 56 34
52 59 86
52 62 123
52 63 172
52 77 8
52 83 179
52 88 11
52 91 62
52 93 105
52 97 63
53 4 106
53 6 101
53 7 171
53 9 197
53 10 185
53 12 174
53 13 46
53 16 27
53 20 39
53 23 8
53 24 14
53 26 186
53 34 65
53 35 95
53 36 65
53 37 148
53 40 83
53 43 146
53 49 75
53 52 129
53 57 93
53 58 19
53 73 192
53 86 143
53 91 31
53 92 111
53 98 8
54 8 161
54 9 11
54 11 156
54 16 107
54 18 164
54 21 57
54 23 88
54 25 106
54 26 99
54 32 142
54 34 195
54 40 31
54 45 196
54 48 139
54 49 176
54 64 98
54 72 52
54 73 4
54 87 183
54 88 161
54 95 37
54 96 69
54 98 186
55 3 11
55 6 23
55 8 79
55 9 19
55 11 137
55 12 113
55 15 197
55 24 160
55 25 17
55 26 63
55 34 105
55 35 98
55 58 145
55 60 48
55 61 61
55 62 3
55 65 186
55 68 82
55 70 158
55 71 40
55 75 154
55 79 96
55 87 169
55 90 25
55 92 190
55 94 90
55 95 1
56 2 183
56 8 65
56 10 170
56 11 166
56 16 196
56 18 184
56 20 169
56 38 142
56 39 123
56 41 190
56 47 19
56 50 71
56 52 34
56 59 104
56 62 49
56 66 112
56 67 101
56 68 171
56 70 75
56 72 89
56 74 82
56 79 186
56 81 28
56 85 72
56 86 24
56 89 189
56 93 3
57 3 137
57 6 84
57 7 15
57 8 185
57 12 169
57 19 35
57 21 191
57 22 161
57 28 160
57 29 162
57 35 87
57 40 197
57 41 154
57 44 8
57 53 93
57 59 5
57 69 15
57 71 158
57 78 34
57 80 10
57 83 167
57 84 142
57 88 74
57 89 157
57 92 63
58 1 42
58 2 106
58 4 43
58 6 160
58 7 71
58 8 150
58 18 194
58 20 5
58 21 114
58 28 183
58 31 165
58 37 125
58 39 33
58 40 132
58 42 191
58 53 19
58 55 145
58 61 83
58 68 186
58 74 58
58 79 75
58 80 169
58 82 62
58 85 40
58 86 169
58 87 88
58 90 156
58 93 101
58 94 106
58 96 5
59 2 156
59 7 124
59 8 176
59 15 129
59 16 74
59 17 145
59 19 191
59 20 122
59 23 192
59 26 92
59 27 36
59 31 196
59 37 74
59 42 124
59 47 105
59 52 86
59 56 104
59 57 5
59 61 28
59 62 18
59 64 102
59 69 46
59 73 11
59 75 110
59 76 198
59 82 98
59 83 74
59 85 66
59 87 133
59 89 193
59 90 93
59 94 47
60 4 184
60 13 196
60 15 178
60 16 112
60 18 23
60 19 73
60 22 52
60 29 193
60 32 179
60 35 109
60 39 129
60 42 196
60 44 119
60 45 18
60 50 120
60 55 48
60 71 135
60 80 162
60 81 88
60 84 155
60 91 139
60 97 20
61 2 199
61 4 12
61 9 102
61 11 43
61 18 94
61 28 25
61 31 189
61 32 180
61 39 51
61 40 58
61 46 16
61 55 61
61 58 83
61 59 28
61 63 186
61 66 64
61 67 27
61 72 44
61 74 123
61 77 126
61 79 85
61 80 188
61 87 33
61 90 56
61 91 166
62 3 188
62 5 124
62 9 184
62 13 17
62 24 86
62 26 7
62 28 31
62 38 98
62 41 1
62 47 40
62 49 14
62 52 123
62 55 3
62 56 49
62 59 18
62 69 140
62 73 172
62 86 21
62 90 54
62 92 26
62 95 162
63 4 36
63 5 26
63 10 81
63 12 176
63 13 1
63 15 52
63 22 167
63 32 35
63 34 47
63 39 20
63 42 74
63 47 53
63 48 162
63 52 172
63 61 186
63 64 167
63 69 166
63 82 21
63 83 30
63 84 164
63 88 37
63 92 13
63 98 109
64 5 149
64 7 171
64 10 90
64 12 34
64 22 194
64 23 162
64 31 92
64 32 175
64 37 69
64 44 118
64 46 4
64 47 72
64 54 98
64 59 102
64 63 167
64 71 174
64 72 80
64 73 9
64 79 187
64 81 20
64 83 58
64 84 95
64 86 65
64 89 83
64 90 90
64 95 65
65 3 117
65 5 30
65 9 13
65 12 115
65 18 151
65 24 8
65 25 70
65 27 48
65 30 197
65 31 190
65 34 39
65 37 20
65 41 105
65 46 23
65 55 186
65 68 127
65 71 121
65 77 194
65 78 39
65 79 144
65 83 93
65 86 81
65 88 139
65 93 112
65 98 152
66 1 99
66 5 158
66 7 151
66 14 7
66 16 143
66 17 62
66 21 51
66 22 193
66 23 132
66 30 86
66 31 113
66 42 124
66 56 112
66 61 64
66 67 59
66 69 61
66 70 4
66 71 54
66 76 38
66 78 172
66 94 135
66 99 5
67 5 165
67 14 69
67 16 65
67 28 186
67 30 32
67 31 52
67 33 15
67 37 64
67 40 79
67 51 39
67 56 101
67 61 27
67 66 59
67 69 82
67 74 80
67 80 184
67 81 168
67 82 174
67 83 45
67 84 78
67 86 170
67 93 94
67 96 137
68 9 171
68 18 55
68 31 32
68 35 159
68 36 129
68 44 82
68 48 135
68 55 82
68 56 171
68 58 186
68 65 127
68 70 67
68 76 20
68 79 50
68 82 83
68 83 172
68 90 53
68 92 164
69 4 174
69 5 93
69 9 27
69 15 100
69 19 200
69 22 59
69 24 107
69 35 26
69 38 161
69 40 139
69 42 143
69 49 93
69 57 15
69 59 46
69 62 140
69 63 166
69 66 61
69 67 82
69 74 88
69 83 111
69 86 78
69 88 192
69 90 53
69 98 167
70 2 93
70 5 31
70 6 144
70 8 133
70 11 174
70 12 146
70 20 54
70 23 97
70 25 105
70 31 31
70 33 12
70 34 53
70 35 78
70 39 66
70 51 64
70 55 158
70 56 75
70 66 4
70 68 67
70 72 108
70 74 93
70 75 122
70 79 184
70 80 40
70 82 110
70 87 32
70 89 125
71 4 82
71 11 121
71 12 122
71 14 196
71 15 177
71 16 185
71 22 84
71 23 30
71 27 92
71 33 198
71 35 83
71 39 127
71 41 185
71 46 93
71 51 166
71 55 40
71 57 158
71 60 135
71 64 174
71 65 121
71 66 54
71 72 83
71 78 50
71 79 72
71 80 142
71 84 8
71 86 146
71 93 59
71 95 77
72 1 112
72 2 104
72 3 95
72 6 2
72 10 3
72 11 181
72 26 40
72 28 58
72 30 23
72 32 135
72 33 52
72 37 29
72 54 52
72 56 89
72 61 44
72 64 80
72 70 108
72 71 83
72 73 150
72 79 16
72 81 1
72 84 3
72 85 85
72 98 116
72 99 196
73 9 31
73 12 151
73 17 124
73 19 196
73 21 156
73 25 170
73 27 118
73 32 42
73 34 117
73 38 200
73 39 167
73 48 96
73 49 173
73 50 111
73 53 192
73 54 4
73 59 11
73 62 172
73 64 9
73 72 150
73 76 170
73 80 145
73 83 75
73 85 165
73 88 97
73 97 141
74 14 54
74 26 6
74 30 197
74 31 132
74 33 118
74 36 5
74 38 177
74 46 137
74 47 108
74 56 82
74 58 58
74 61 123
74 67 80
74 69 88
74 70 93
74 79 155
74 84 180
74 86 103
74 89 85
74 90 186
74 92 11
74 95 190
74 97 172
74 98 90
74 99 173
75 2 50
75 4 5
75 11 76
75 12 86
75 16 147
75 29 181
75 37 187
75 38 80
75 39 102
75 46 162
75 55 154
75 59 110
75 70 122
75 78 54
75 82 173
75 86 2
75 97 42
76 11 171
76 21 180
76 29 69
76 32 154
76 36 150
76 41 44
76 46 85
76 47 25
76 59 198
76 66 38
76 68 20
76 73 170
76 79 126
76 81 84
76 83 33
76 85 16
76 91 161
76 93 193
76 95 135
76 97 103
76 99 188
77 4 88
77 5 159
77 16 157
77 17 186
77 20 33
77 21 75
77 24 10
77 29 36
77 32 136
77 34 158
77 35 59
77 37 196
77 39 114
77 45 56
77 50 24
77 51 76
77 52 8
77 61 126
77 65 194
77 78 122
77 82 29
77 83 132
77 89 125
77 92 62
77 99 148
78 2 47
78 5 150
78 6 160
78 14 53
78 18 99
78 19 159
78 20 71
78 21 120
78 23 48
78 24 78
78 36 181
78 38 75
78 43 83
78 47 144
78 48 79
78 57 34
78 65 39
78 66 172
78 71 50
78 75 54
78 77 122
78 83 194
78 87 9
78 88 19
78 89 78
78 97 71
78 98 137
78 99 117
79 3 163
79 6 28
79 9 9
79 10 29
79 13 72
79 17 8
79 19 6
79 47 147
79 55 96
79 56 186
79 58 75
79 61 85
79 64 187
79 65 144
79 68 50
79 70 184
79 71 72
79 72 16
79 74 155
79 76 126
79 90 92
79 92 29
79 93 92
79 98 171
79 99 82
80 1 29
80 2 110
80 5 63
80 8 98
80 16 120
80 18 71
80 21 198
80 22 163
80 26 173
80 30 139
80 42 116
80 43 19
80 50 94
80 57 10
80 58 169
80 60 162
80 61 188
80 67 184
80 70 40
80 71 142
80 73 145
80 83 14
80 87 81
80 94 93
81 11 124
81 13 96
81 14 151
81 15 21
81 16 34
81 17 3
81 18 98
81 20 70
81 21 116
81 22 69
81 23 186
81 24 40
81 28 59
81 31 106
81 35 181
81 36 153
81 40 116
81 44 143
81 49 195
81 56 28
81 60 88
81 64 20
81 67 168
81 72 1
81 76 84
81 83 158
81 84 15
81 86 56
81 87 85
81 90 155
81 92 97
81 93 31
81 94 82
81 98 158
81 99 193
82 3 104
82 7 88
82 17 134
82 19 73
82 33 24
82 37 27
82 38 182
82 41 149
82 42 24
82 58 62
82 59 98
82 63 21
82 67 174
82 68 83
82 70 110
82 75 173
82 77 29
82 83 118
82 86 76
82 88 19
82 90 52
82 91 115
82 96 57
82 98 54
83 1 103
83 16 175
83 19 172
83 20 63
83 23 15
83 28 192
83 29 192
83 30 131
83 31 22
83 35 13
83 37 29
83 38 177
83 39 56
83 43 3
83 50 103
83 52 179
83 57 167
83 59 74
83 63 30
83 64 58
83 65 93
83 67 45
83 68 172
83 69 111
83 73 75
83 76 33
83 77 132
83 78 194
83 80 14
83 81 158
83 82 118
83 95 161
84 2 115
84 3 75
84 5 109
84 8 153
84 9 97
84 13 46
84 14 22
84 17 153
84 19 34
84 22 94
84 24 182
84 25 38
84 31 122
84 43 172
84 57 142
84 60 155
84 63 164
84 64 95
84 67 78
84 71 8
84 72 3
84 74 180
84 81 15
84 86 154
84 91 195
84 92 130
84 96 8
84 97 154
84 98 168
85 10 178
85 11 199
85 18 119
85 21 182
85 26 183
85 27 18
85 28 81
85 40 106
85 42 190
85 47 139
85 56 72
85 58 40
85 59 66
85 72 85
85 73 165
85 76 16
85 89 51
85 93 159
85 98 124
86 4 38
86 5 173
86 9 114
86 17 86
86 25 168
86 28 26
86 30 151
86 33 190
86 35 85
86 39 183
86 47 190
86 50 1
86 53 143
86 56 24
86 58 169
86 62 21
86 64 65
86 65 81
86 67 170
86 69 78
86 71 146
86 74 103
86 75 2
86 81 56
86 82 76
86 84 154
86 93 200
87 2 177
87 6 75
87 10 144
87 19 107
87 26 81
87 30 109
87 35 170
87 38 14
87 39 83
87 54 183
87 55 169
87 58 88
87 59 133
87 61 33
87 70 32
87 78 9
87 80 81
87 81 85
87 89 146
87 91 73
87 96 81
88 3 135
88 11 138
88 14 73
88 18 87
88 20 171
88 22 59
88 24 190
88 30 136
88 31 176
88 37 116
88 39 98
88 44 85
88 47 132
88 51 114
88 52 11
88 54 161
88 57 74
88 63 37
88 65 139
88 69 192
88 73 97
88 78 19
88 82 19
88 89 20
88 93 108
88 97 33
89 3 81
89 5 8
89 12 97
89 15 87
89 19 194
89 25 97
89 28 28
89 34 154
89 35 68
89 38 130
89 42 99
89 44 36
89 49 105
89 56 189
89 57 157
89 59 193
89 64 83
89 70 125
89 74 85
89 77 125
89 78 78
89 85 51
89 87 146
89 88 20
89 92 8
89 98 124
90 3 128
90 4 61
90 7 145
90 8 140
90 11 193
90 15 2
90 18 158
90 21 172
90 22 87
90 27 10
90 29 196
90 39 84
90 40 124
90 55 25
90 58 156
90 59 93
90 61 56
90 62 54
90 64 90
90 68 53
90 69 53
90 74 186
90 79 92
90 81 155
90 82 52
90 95 111
90 99 69
91 1 62
91 2 26
91 3 161
91 6 107
91 7 81
91 12 121
91 14 94
91 16 199
91 23 93
91 26 155
91 27 37
91 29 33
91 37 169
91 40 109
91 43 1
91 44 118
91 52 62
91 53 31
91 60 139
91 61 166
91 76 161
91 82 115
91 84 195
91 87 73
91 95 60
91 96 174
92 2 197
92 22 39
92 25 170
92 26 159
92 33 103
92 36 48
92 44 70
92 46 65
92 51 32
92 53 111
92 55 190
92 57 63
92 62 26
92 63 13
92 68 164
92 74 11
92 77 62
92 79 29
92 81 97
92 84 130
92 89 8
92 94 124
92 97 137
93 6 56
93 8 40
93 9 145
93 10 148
93 13 142
93 16 49
93 17 74
93 18 187
93 21 90
93 26 127
93 27 96
93 33 22
93 35 84
93 36 180
93 37 103
93 39 148
93 45 134
93 46 41
93 52 105
93 56 3
93 58 101
93 65 112
93 67 94
93 71 59
93 76 193
93 79 92
93 81 31
93 85 159
93 86 200
93 88 108
93 97 140
94 4 110
94 9 57
94 25 1
94 29 142
94 31 97
94 32 95
94 34 145
94 37 96
94 40 115
94 42 103
94 44 42
94 55 90
94 58 106
94 59 47
94 66 135
94 80 93
94 81 82
94 92 124
95 1 157
95 2 18
95 6 130
95 7 81
95 12 126
95 19 9
95 35 105
95 36 46
95 41 160
95 45 50
95 49 102
95 54 37
95 55 1
95 62 162
95 64 65
95 71 77
95 74 190
95 76 135
95 83 161
95 90 111
95 91 60
95 97 32
96 1 62
96 4 16
96 5 182
96 15 168
96 20 84
96 22 45
96 23 30
96 24 22
96 25 66
96 31 164
96 33 86
96 35 165
96 40 74
96 43 2
96 47 174
96 54 69
96 58 5
96 67 137
96 82 57
96 84 8
96 87 81
96 91 174
96 97 65
97 11 39
97 15 79
97 17 151
97 21 114
97 22 111
97 24 131
97 26 152
97 27 28
97 28 114
97 33 29
97 37 74
97 41 16
97 43 143
97 49 51
97 52 63
97 60 20
97 73 141
97 74 172
97 75 42
97 76 103
97 78 71
97 84 154
97 88 33
97 92 137
97 93 140
97 95 32
97 96 65
97 98 138
97 99 34
98 7 39
98 17 51
98 18 96
98 20 77
98 21 40
98 22 118
98 25 194
98 27 119
98 28 131
98 30 104
98 32 44
98 37 4
98 47 191
98 53 8
98 54 186
98 63 109
98 65 152
98 69 167
98 72 116
98 74 90
98 78 137
98 79 171
98 81 158
98 82 54
98 84 168
98 85 124
98 89 124
98 97 138
6 t 107
11 t 6
13 t 137
14 t 117
15 t 177
20 t 5
21 t 197
30 t 33
31 t 173
32 t 168
38 t 118
39 t 28
48 t 95
50 t 85
66 t 5
72 t 196
74 t 173
76 t 188
77 t 148
78 t 117
79 t 82
81 t 193
90 t 69
97 t 34
