s 1 63
s 2 94
s 3 34
s 4 165
s 7 48
s 8 59
s 9 160
s 10 114
s 11 178
s 12 17
s 13 67
s 15 181
s 16 108
s 17 139
s 18 8
s 19 3
s 20 192
s 21 45
s 23 106
s 24 148
s 25 154
s 26 170
s 27 85
s 28 26
s 29 121
s 30 149
s 31 196
s 32 51
s 33 15
s 34 195
s 36 113
s 37 165
s 38 129
s 40 22
s 42 108
s 44 2
s 46 112
s 47 153
s 49 156
s 50 10
s 51 21
s 52 43
s 54 181
s 56 95
s 57 179
s 58 72
s 60 182
s 61 178
s 62 81
s 63 73
s 64 133
s 65 93
s 66 11
s 67 67
s 68 172
s 69 137
s 70 19
s 71 138
s 72 65
s 73 55
s 74 105
s 76 35
s 78 169
s 79 52
s 81 37
s 84 192
s 86 164
s 87 21
s 89 162
s 90 149
s 92 133
s 94 24
s 95 185
s 96 106
s 97 158
s 98 146
1 2 11
1 5 168
1 6 153
1 8 181
1 11 194
1 13 116
1 14 109
1 15 99
1 16 119
1 17 198
1 18 43
1 19 21
1 20 112
1 21 154
1 22 198
1 23 114
1 24 82
1 25 178
1 27 37
1 28 156
1 29 150
1 30 118
1 34 138
1 35 50
1 36 124
1 37 73
1 39 195
1 41 3
1 42 79
1 43 83
1 44 18
1 45 116
1 46 33
1 47 177
1 48 106
1 49 44
1 50 39
1 51 198
1 52 133
1 53 60
1 54 27
1 56 37
1 57 51
1 59 103
1 60 73
1 62 188
1 63 103
1 64 25
1 65 154
1 66 92
1 67 93
1 68 131
1 69 41
1 70 107
1 71 63
1 72 100
1 73 87
1 76 42
1 77 56
1 78 43
1 79 116
1 80 22
1 81 17
1 84 7
1 86 13
1 87 22
1 88 41
1 90 25
1 91 32
1 93 155
1 94 26
1 95 48
1 99 165
2 1 11
2 3 177
2 4 45
2 5 142
2 6 198
2 7 94
2 8 121
2 9 165
2 10 179
2 11 130
2 12 69
2 13 110
2 14 14
2 15 29
2 16 16
2 17 67
2 18 196
2 19 161
2 21 34
2 22 122
2 23 51
2 24 44
2 25 18
2 26 173
2 28 27
2 29 83
2 30 162
2 31 193
2 32 46
2 33 139
2 34 95
2 35 41
2 36 47
2 37 21
2 38 84
2 39 31
2 40 181
2 41 116
2 42 89
2 44 117
2 47 53
2 48 198
2 50 81
2 51 89
2 52 153
2 54 87
2 56 84
2 58 66
2 59 165
2 60 153
2 61 67
2 62 51
2 64 175
2 65 88
2 66 5
2 67 184
2 68 77
2 69 101
2 71 44
2 72 110
2 73 149
2 74 66
2 76 22
2 77 143
2 78 157
2 79 66
2 80 79
2 81 198
2 82 93
2 84 40
2 85 154
2 86 106
2 87 61
2 88 51
2 89 91
2 92 42
2 93 134
2 94 63
2 95 131
2 96 149
2 97 49
3 2 177
3 4 122
3 5 64
3 6 31
3 7 120
3 8 169
3 9 186
3 10 88
3 11 17
3 12 179
3 14 177
3 18 132
3 19 38
3 20 144
3 21 92
3 24 198
3 25 124
3 26 28
3 28 64
3 29 144
3 32 3
3 33 168
3 34 160
3 35 51
3 36 170
3 38 115
3 39 104
3 40 90
3 41 23
3 42 121
3 43 128
3 44 48
3 45 124
3 46 78
3 48 25
3 49 198
3 50 82
3 51 67
3 52 189
3 53 41
3 54 8
3 55 197
3 56 129
3 57 183
3 58 129
3 59 153
3 61 93
3 63 181
3 64 142
3 65 60
3 66 181
3 68 105
3 69 163
3 70 127
3 71 78
3 73 9
3 74 39
3 75 114
3 76 137
3 77 112
3 78 135
3 79 152
3 80 98
3 81 117
3 82 187
3 83 118
3 85 12
3 86 3
3 87 141
3 89 185
3 90 118
3 91 100
3 92 23
3 93 161
3 94 47
3 95 112
3 96 170
3 98 95
3 99 113
4 2 45
4 3 122
4 5 3
4 7 39
4 8 184
4 9 132
4 10 163
4 11 15
4 12 165
4 13 122
4 14 189
4 15 16
4 16 53
4 18 53
4 19 19
4 20 25
4 21 199
4 23 36
4 24 50
4 25 150
4 27 62
4 29 144
4 30 80
4 31 44
4 32 25
4 34 61
4 36 6
4 37 29
4 38 62
4 39 189
4 40 65
4 41 13
4 42 50
4 44 51
4 46 159
4 48 131
4 49 191
4 50 3
4 54 100
4 55 110
4 56 48
4 57 192
4 60 97
4 61 151
4 62 182
4 63 160
4 64 100
4 65 27
4 67 89
4 68 66
4 71 15
4 72 6
4 73 125
4 74 10
4 75 149
4 78 58
4 79 12
4 80 85
4 81 20
4 83 191
4 84 34
4 85 157
4 86 81
4 87 93
4 89 186
4 90 77
4 91 187
4 92 37
4 96 150
4 98 93
4 99 17
5 1 168
5 2 142
5 3 64
5 4 3
5 6 121
5 8 81
5 9 185
5 13 171
5 14 188
5 15 175
5 17 158
5 18 111
5 19 199
5 20 63
5 21 195
5 22 103
5 23 88
5 24 52
5 25 190
5 26 193
5 27 175
5 28 105
5 30 126
5 31 39
5 33 162
5 34 10
5 35 87
5 37 119
5 38 134
5 39 196
5 41 102
5 43 84
5 45 155
5 47 81
5 48 195
5 49 81
5 50 190
5 52 37
5 54 197
5 56 137
5 57 188
5 60 15
5 61 24
5 62 65
5 63 193
5 64 51
5 65 136
5 72 140
5 74 79
5 75 116
5 76 84
5 77 113
5 78 123
5 79 31
5 80 42
5 81 57
5 82 165
5 84 25
5 85 125
5 86 137
5 87 17
5 89 4
5 90 14
5 92 76
5 93 16
5 94 98
5 95 40
5 97 181
5 98 48
5 99 189
6 1 153
6 2 198
6 3 31
6 5 121
6 7 31
6 8 80
6 9 117
6 10 108
6 13 25
6 15 5
6 19 73
6 20 176
6 21 104
6 22 25
6 23 111
6 24 138
6 25 84
6 26 112
6 27 73
6 29 47
6 30 28
6 31 75
6 35 170
6 36 109
6 38 5
6 39 174
6 40 197
6 41 159
6 42 148
6 43 39
6 44 161
6 45 42
6 46 17
6 47 179
6 48 198
6 50 55
6 51 133
6 52 5
6 53 131
6 56 106
6 58 159
6 59 180
6 60 15
6 61 129
6 62 72
6 63 169
6 64 8
6 66 34
6 67 158
6 71 37
6 74 56
6 77 198
6 78 39
6 79 2
6 80 133
6 81 186
6 82 106
6 83 58
6 87 150
6 88 185
6 89 14
6 90 44
6 92 179
6 93 168
6 96 120
6 97 24
6 98 52
7 2 94
7 3 120
7 4 39
7 6 31
7 8 99
7 9 27
7 11 144
7 12 184
7 13 91
7 14 74
7 16 190
7 17 17
7 18 165
7 19 5
7 20 146
7 21 47
7 22 152
7 24 66
7 25 98
7 26 87
7 27 184
7 28 187
7 29 133
7 30 74
7 31 101
7 32 16
7 35 169
7 36 87
7 37 48
7 38 92
7 39 164
7 41 1
7 43 122
7 45 109
7 46 96
7 47 150
7 49 96
7 50 186
7 51 177
7 52 122
7 54 47
7 55 104
7 56 27
7 57 23
7 58 17
7 59 52
7 61 92
7 62 189
7 63 26
7 64 82
7 68 3
7 69 122
7 70 15
7 72 122
7 73 117
7 74 29
7 75 88
7 76 142
7 77 194
7 78 45
7 79 198
7 80 184
7 82 80
7 83 185
7 84 159
7 85 187
7 86 194
7 87 112
7 88 161
7 89 19
7 90 130
7 91 149
7 93 87
7 94 145
7 96 70
7 97 126
7 98 132
8 1 181
8 2 121
8 3 169
8 4 184
8 5 81
8 6 80
8 7 99
8 9 55
8 10 113
8 12 54
8 13 18
8 14 59
8 18 165
8 19 45
8 21 80
8 23 124
8 24 114
8 25 110
8 26 115
8 27 61
8 28 154
8 31 93
8 32 95
8 34 124
8 35 98
8 36 155
8 37 120
8 38 186
8 39 118
8 40 77
8 42 66
8 43 146
8 44 9
8 45 172
8 47 64
8 48 6
8 49 137
8 51 13
8 52 185
8 53 120
8 54 112
8 55 185
8 56 88
8 57 195
8 58 135
8 59 188
8 60 32
8 61 2
8 62 165
8 64 39
8 67 180
8 68 46
8 70 8
8 71 28
8 72 110
8 73 198
8 74 114
8 75 11
8 76 108
8 78 118
8 79 81
8 80 175
8 81 75
8 83 71
8 84 189
8 85 147
8 87 116
8 88 173
8 89 2
8 90 171
8 92 64
8 93 189
8 94 114
8 96 25
8 97 84
8 98 127
9 2 165
9 3 186
9 4 132
9 5 185
9 6 117
9 7 27
9 8 55
9 10 139
9 12 163
9 13 49
9 14 66
9 15 41
9 16 51
9 17 166
9 18 169
9 19 191
9 21 166
9 22 83
9 23 110
9 24 33
9 25 9
9 26 77
9 27 77
9 28 103
9 30 168
9 31 22
9 32 162
9 33 47
9 34 156
9 35 52
9 36 120
9 37 23
9 38 16
9 39 44
9 40 38
9 42 55
9 45 10
9 46 132
9 47 84
9 48 17
9 49 39
9 50 182
9 51 48
9 52 154
9 53 53
9 54 166
9 59 115
9 60 157
9 61 187
9 62 99
9 64 177
9 65 163
9 66 82
9 67 4
9 68 106
9 69 69
9 71 66
9 72 166
9 73 83
9 74 28
9 75 195
9 78 193
9 79 123
9 81 146
9 83 99
9 84 199
9 85 167
9 86 21
9 88 49
9 89 42
9 90 25
9 91 104
9 94 186
9 95 25
9 96 164
9 97 107
9 98 20
10 2 179
10 3 88
10 4 163
10 6 108
10 8 113
10 9 139
10 11 108
10 12 186
10 13 111
10 14 75
10 15 99
10 16 106
10 17 128
10 18 188
10 19 52
10 20 183
10 21 188
10 22 106
10 23 160
10 25 172
10 26 165
10 28 163
10 31 146
10 32 17
10 35 20
10 37 90
10 38 128
10 40 155
10 41 192
10 42 173
10 43 122
10 44 89
10 45 79
10 46 59
10 47 40
10 49 101
10 50 58
10 51 84
10 52 19
10 54 77
10 55 8
10 56 151
10 57 118
10 58 186
10 59 109
10 60 115
10 61 14
10 62 181
10 63 77
10 64 23
10 65 45
10 66 129
10 68 148
10 71 117
10 72 31
10 73 33
10 74 6
10 75 17
10 76 159
10 77 68
10 78 6
10 80 123
10 81 129
10 82 169
10 83 117
10 84 3
10 85 182
10 86 152
10 87 78
10 88 169
10 89 46
10 90 164
10 91 78
10 94 33
10 95 167
10 97 77
10 98 76
10 99 192
11 1 194
11 2 130
11 3 17
11 4 15
11 7 144
11 10 108
11 12 197
11 14 107
11 15 19
11 17 122
11 18 31
11 19 116
11 20 79
11 21 131
11 22 200
11 23 101
11 24 110
11 25 150
11 27 132
11 28 194
11 29 181
11 30 135
11 31 110
11 32 157
11 33 82
11 34 1
11 35 52
11 37 60
11 38 86
11 39 148
11 40 97
11 41 89
11 42 55
11 43 3
11 44 64
11 45 165
11 46 151
11 47 181
11 48 108
11 49 41
11 51 143
11 52 183
11 53 47
11 54 93
11 56 98
11 57 186
11 58 92
11 60 117
11 61 82
11 62 5
11 63 91
11 65 173
11 66 77
11 67 141
11 69 161
11 70 72
11 71 15
11 72 149
11 73 5
11 75 1
11 76 80
11 77 152
11 78 149
11 80 141
11 81 161
11 82 51
11 84 128
11 85 125
11 87 5
11 89 199
11 91 113
11 92 176
11 93 194
11 95 34
11 96 28
11 97 2
11 99 100
12 2 69
12 3 179
12 4 165
12 7 184
12 8 54
12 9 163
12 10 186
12 11 197
12 13 90
12 15 154
12 16 45
12 17 152
12 18 181
12 19 59
12 20 78
12 22 46
12 23 113
12 24 133
12 25 170
12 26 110
12 27 78
12 29 193
12 30 33
12 33 61
12 34 147
12 35 28
12 36 16
12 38 89
12 40 7
12 41 38
12 42 39
12 43 23
12 45 189
12 46 57
12 47 50
12 48 114
12 50 5
12 51 36
12 52 47
12 53 10
12 54 13
12 55 39
12 56 82
12 57 199
12 58 139
12 59 73
12 60 51
12 62 6
12 63 133
12 64 8
12 65 100
12 66 169
12 67 6
12 68 180
12 69 20
12 70 154
12 71 137
12 72 6
12 73 3
12 75 198
12 76 62
12 77 117
12 78 132
12 79 34
12 83 189
12 84 119
12 85 155
12 86 121
12 88 35
12 89 128
12 90 198
12 91 89
12 93 14
12 95 197
12 96 130
12 97 84
12 99 138
13 1 116
13 2 110
13 4 122
13 5 171
13 6 25
13 7 91
13 8 18
13 9 49
13 10 111
13 12 90
13 16 185
13 17 159
13 18 35
13 20 158
13 21 99
13 23 126
13 24 39
13 25 152
13 26 57
13 28 62
13 29 161
13 30 26
13 31 90
13 32 37
13 33 40
13 34 196
13 35 145
13 36 74
13 37 168
13 40 172
13 41 140
13 42 102
13 43 161
13 45 123
13 48 195
13 49 145
13 50 185
13 51 2
13 53 75
13 54 104
13 55 59
13 56 29
13 57 46
13 58 130
13 59 155
13 60 22
13 61 196
13 62 108
13 63 27
13 66 9
13 67 159
13 68 19
13 69 69
13 70 33
13 73 87
13 75 16
13 76 30
13 77 150
13 79 156
13 81 83
13 82 61
13 83 181
13 85 65
13 86 43
13 87 153
13 89 153
13 90 122
13 93 19
13 94 114
13 95 113
13 96 40
13 97 185
13 98 37
13 99 44
14 1 109
14 2 14
14 3 177
14 4 189
14 5 188
14 7 74
14 8 59
14 9 66
14 10 75
14 11 107
14 16 81
14 17 142
14 18 35
14 21 71
14 22 36
14 23 12
14 24 45
14 25 64
14 26 161
14 27 7
14 29 107
14 30 90
14 31 68
14 32 169
14 33 91
14 34 91
14 35 60
14 36 37
14 37 21
14 38 136
14 39 131
14 40 25
14 42 153
14 43 13
14 46 158
14 48 34
14 49 19
14 50 88
14 51 41
14 52 92
14 53 117
14 54 185
14 56 15
14 57 194
14 59 128
14 60 103
14 61 86
14 62 86
14 63 63
14 64 56
14 67 21
14 68 94
14 69 175
14 70 93
14 71 135
14 73 168
14 74 103
14 75 4
14 76 98
14 79 12
14 80 20
14 81 141
14 82 71
14 83 35
14 84 175
14 85 116
14 86 91
14 87 125
14 88 189
14 89 57
14 90 9
14 91 196
14 93 116
14 95 117
14 96 1
15 1 99
15 2 29
15 4 16
15 5 175
15 6 5
15 9 41
15 10 99
15 11 19
15 12 154
15 16 136
15 17 124
15 18 41
15 19 63
15 20 195
15 21 47
15 22 134
15 25 10
15 26 166
15 27 1
15 30 173
15 31 91
15 32 85
15 34 6
15 35 81
15 36 78
15 38 100
15 39 159
15 40 59
15 41 183
15 42 135
15 45 52
15 46 175
15 47 101
15 48 87
15 49 7
15 50 97
15 51 24
15 52 87
15 54 3
15 57 133
15 58 132
15 60 136
15 61 118
15 62 13
15 63 188
15 64 57
15 66 127
15 67 71
15 68 115
15 69 48
15 70 31
15 71 68
15 72 152
15 73 84
15 74 77
15 75 27
15 76 131
15 77 30
15 78 53
15 81 5
15 84 75
15 85 28
15 86 17
15 87 90
15 89 45
15 91 162
15 92 163
15 93 196
15 96 193
15 97 20
15 98 168
15 99 75
16 1 119
16 2 16
16 4 53
16 7 190
16 9 51
16 10 106
16 12 45
16 13 185
16 14 81
16 15 136
16 17 138
16 18 80
16 19 86
16 20 160
16 21 190
16 22 199
16 24 170
16 26 106
16 27 2
16 28 172
16 31 73
16 32 9
16 34 2
16 35 133
16 37 131
16 38 52
16 39 33
16 40 150
16 41 22
16 42 47
16 43 86
16 44 187
16 45 32
16 46 118
16 49 30
16 50 52
16 51 149
16 55 119
16 56 68
16 57 158
16 58 85
16 60 6
16 61 57
16 62 65
16 63 73
16 64 65
16 65 1
16 66 159
16 67 155
16 68 136
16 69 78
16 70 151
16 71 200
16 72 47
16 75 158
16 77 65
16 78 164
16 79 55
16 80 93
16 81 52
16 82 170
16 83 191
16 84 35
16 85 128
16 87 147
16 88 109
16 89 55
16 90 97
16 95 125
16 96 122
16 97 3
16 98 135
16 99 119
17 1 198
17 2 67
17 5 158
17 7 17
17 9 166
17 10 128
17 11 122
17 12 152
17 13 159
17 14 142
17 15 124
17 16 138
17 18 109
17 20 73
17 21 199
17 22 193
17 25 57
17 26 88
17 27 49
17 28 172
17 29 4
17 30 171
17 31 111
17 33 73
17 34 11
17 35 150
17 36 18
17 40 109
17 41 144
17 43 46
17 44 1
17 45 65
17 47 60
17 49 84
17 50 159
17 51 85
17 52 16
17 54 113
17 55 106
17 56 114
17 60 16
17 61 58
17 64 186
17 65 158
17 66 168
17 67 83
17 68 164
17 69 86
17 70 100
17 72 34
17 73 185
17 74 179
17 75 175
17 76 73
17 77 31
17 78 19
17 79 137
17 80 17
17 82 74
17 83 10
17 84 110
17 86 193
17 87 126
17 88 142
17 89 151
17 90 12
17 91 183
17 92 109
17 93 133
17 95 30
17 96 147
17 97 20
17 98 89
17 99 108
18 1 43
18 2 196
18 3 132
18 4 53
18 5 111
18 7 165
18 8 165
18 9 169
18 10 188
18 11 31
18 12 181
18 13 35
18 14 35
18 15 41
18 16 80
18 17 109
18 19 128
18 21 43
18 22 25
18 23 142
18 25 52
18 27 124
18 28 36
18 29 148
18 30 133
18 31 171
18 32 107
18 33 65
18 34 148
18 35 136
18 36 109
18 37 22
18 38 56
18 40 90
18 41 144
18 42 124
18 43 134
18 45 146
18 46 81
18 47 167
18 49 200
18 50 165
18 51 17
18 52 130
18 53 88
18 55 172
18 56 60
18 59 61
18 61 76
18 62 45
18 64 77
18 65 41
18 67 10
18 68 44
18 69 92
18 71 51
18 72 104
18 74 120
18 75 1
18 76 92
18 77 160
18 80 45
18 81 177
18 82 186
18 83 36
18 84 153
18 85 144
18 87 16
18 88 94
18 90 125
18 92 53
18 93 57
18 94 20
18 95 92
18 96 1
18 97 125
18 98 27
18 99 128
19 1 21
19 2 161
19 3 38
19 4 19
19 5 199
19 6 73
19 7 5
19 8 45
19 9 191
19 10 52
19 11 116
19 12 59
19 15 63
19 16 86
19 18 128
19 20 64
19 21 144
19 22 39
19 23 28
19 24 172
19 25 184
19 26 135
19 27 72
19 28 198
19 29 92
19 30 124
19 31 168
19 32 169
19 33 65
19 35 61
19 37 167
19 38 93
19 39 174
19 40 121
19 41 179
19 42 57
19 43 45
19 44 167
19 45 150
19 46 6
19 48 139
19 49 34
19 50 63
19 51 125
19 52 156
19 53 132
19 55 129
19 58 101
19 60 142
19 61 106
19 65 44
19 66 47
19 67 24
19 70 91
19 71 147
19 72 145
19 73 178
19 74 85
19 75 43
19 76 34
19 77 94
19 78 192
19 79 91
19 81 107
19 82 89
19 84 91
19 85 197
19 87 166
19 88 153
19 89 151
19 90 53
19 91 13
19 92 111
19 93 7
19 94 197
19 95 191
19 98 24
20 1 112
20 3 144
20 4 25
20 5 63
20 6 176
20 7 146
20 10 183
20 11 79
20 12 78
20 13 158
20 15 195
20 16 160
20 17 73
20 19 64
20 24 98
20 25 82
20 26 176
20 28 71
20 30 183
20 31 189
20 32 5
20 33 54
20 35 173
20 36 39
20 37 28
20 38 40
20 39 107
20 40 152
20 41 193
20 43 85
20 44 58
20 45 158
20 47 19
20 49 195
20 50 120
20 51 140
20 52 3
20 53 83
20 54 112
20 56 8
20 57 159
20 58 10
20 59 194
20 62 180
20 63 146
20 64 79
20 65 57
20 67 135
20 68 132
20 71 3
20 72 146
20 74 171
20 75 40
20 76 93
20 79 115
20 80 20
20 81 158
20 82 2
20 83 17
20 84 187
20 86 131
20 87 28
20 88 39
20 89 37
20 90 187
20 91 33
20 92 109
20 93 155
20 95 122
20 97 121
21 1 154
21 2 34
21 3 92
21 4 199
21 5 195
21 6 104
21 7 47
21 8 80
21 9 166
21 10 188
21 11 131
21 13 99
21 14 71
21 15 47
21 16 190
21 17 199
21 18 43
21 19 144
21 22 161
21 23 100
21 24 56
21 25 27
21 29 9
21 31 2
21 32 184
21 33 184
21 34 88
21 35 48
21 36 31
21 37 1
21 38 109
21 39 73
21 41 179
21 42 93
21 43 31
21 45 106
21 46 70
21 49 137
21 50 176
21 51 11
21 52 54
21 53 149
21 54 89
21 55 5
21 57 31
21 59 170
21 61 149
21 62 16
21 65 39
21 66 85
21 67 86
21 68 114
21 70 93
21 71 71
21 72 39
21 73 169
21 74 142
21 75 50
21 76 149
21 77 39
21 79 171
21 80 115
21 82 15
21 83 66
21 84 2
21 85 48
21 87 134
21 89 76
21 90 10
21 91 53
21 92 176
21 93 49
21 94 40
21 95 170
21 96 122
21 97 163
21 99 148
22 1 198
22 2 122
22 5 103
22 6 25
22 7 152
22 9 83
22 10 106
22 11 200
22 12 46
22 14 36
22 15 134
22 16 199
22 17 193
22 18 25
22 19 39
22 21 161
22 23 16
22 24 125
22 25 158
22 26 199
22 29 28
22 31 141
22 32 77
22 35 168
22 39 66
22 41 165
22 43 183
22 44 165
22 45 61
22 46 95
22 47 135
22 50 191
22 51 175
22 52 96
22 53 179
22 55 108
22 56 145
22 57 102
22 59 151
22 61 165
22 62 82
22 63 124
22 64 48
22 65 42
22 67 45
22 68 172
22 70 154
22 71 155
22 73 33
22 74 176
22 75 84
22 76 7
22 77 180
22 78 51
22 81 188
22 84 3
22 86 143
22 87 43
22 88 81
22 90 70
22 91 82
22 92 114
22 93 92
22 94 47
22 95 95
22 96 116
22 97 14
22 98 116
22 99 166
23 1 114
23 2 51
23 4 36
23 5 88
23 6 111
23 8 124
23 9 110
23 10 160
23 11 101
23 12 113
23 13 126
23 14 12
23 18 142
23 19 28
23 21 100
23 22 16
23 24 153
23 25 89
23 28 159
23 32 37
23 33 180
23 34 94
23 35 110
23 38 2
23 39 42
23 40 119
23 41 191
23 43 40
23 44 177
23 45 174
23 46 173
23 47 52
23 48 2
23 49 173
23 50 149
23 51 74
23 52 61
23 55 175
23 58 152
23 59 191
23 62 178
23 63 32
23 65 24
23 66 35
23 67 198
23 69 131
23 70 114
23 71 88
23 72 177
23 75 96
23 76 181
23 77 62
23 78 134
23 81 165
23 82 7
23 84 127
23 85 54
23 86 136
23 88 65
23 89 154
23 90 144
23 91 89
23 92 51
23 96 150
23 98 200
23 99 195
24 1 82
24 2 44
24 3 198
24 4 50
24 5 52
24 6 138
24 7 66
24 8 114
24 9 33
24 11 110
24 12 133
24 13 39
24 14 45
24 16 170
24 19 172
24 20 98
24 21 56
24 22 125
24 23 153
24 25 164
24 27 114
24 29 100
24 30 47
24 31 120
24 34 69
24 36 84
24 37 77
24 38 175
24 40 133
24 41 150
24 42 59
24 43 176
24 44 105
24 47 125
24 49 166
24 50 133
24 52 185
24 53 49
24 54 181
24 55 182
24 56 18
24 57 165
24 59 80
24 62 70
24 63 103
24 64 167
24 65 200
24 66 5
24 67 159
24 68 51
24 69 47
24 72 103
24 73 117
24 74 162
24 75 200
24 76 146
24 79 100
24 80 28
24 81 127
24 82 84
24 83 143
24 84 71
24 86 118
24 87 180
24 91 79
24 92 16
24 93 46
24 94 21
24 95 107
24 96 103
24 97 31
24 98 59
24 99 54
25 1 178
25 2 18
25 3 124
25 4 150
25 5 190
25 6 84
25 7 98
25 8 110
25 9 9
25 10 172
25 11 150
25 12 170
25 13 152
25 14 64
25 15 10
25 17 57
25 18 52
25 19 184
25 20 82
25 21 27
25 22 158
25 23 89
25 24 164
25 26 49
25 27 105
25 28 186
25 30 111
25 31 194
25 32 48
25 33 171
25 35 13
25 36 41
25 37 113
25 38 172
25 39 186
25 40 10
25 41 113
25 42 61
25 43 65
25 44 27
25 45 148
25 47 75
25 48 146
25 49 35
25 51 118
25 52 162
25 54 73
25 55 179
25 56 123
25 58 185
25 59 157
25 60 122
25 61 160
25 62 75
25 64 33
25 65 30
25 66 80
25 68 146
25 69 7
25 70 153
25 71 187
25 72 188
25 75 150
25 77 179
25 78 200
25 81 193
25 82 60
25 83 62
25 84 200
25 85 76
25 86 9
25 87 182
25 88 184
25 89 31
25 90 81
25 92 197
25 93 5
25 94 127
25 95 98
25 96 9
25 97 75
25 99 3
26 2 173
26 3 28
26 5 193
26 6 112
26 7 87
26 8 115
26 9 77
26 10 165
26 12 110
26 13 57
26 14 161
26 15 166
26 16 106
26 17 88
26 19 135
26 20 176
26 22 199
26 25 49
26 27 38
26 28 51
26 29 6
26 30 182
26 31 142
26 32 86
26 33 118
26 34 58
26 35 130
26 38 13
26 39 74
26 40 51
26 41 10
26 42 92
26 44 106
26 45 12
26 46 69
26 50 67
26 52 31
26 53 174
26 55 35
26 56 80
26 57 15
26 58 148
26 60 137
26 63 180
26 64 96
26 65 136
26 67 100
26 70 12
26 71 76
26 72 79
26 73 159
26 74 188
26 75 168
26 77 46
26 78 12
26 79 133
26 80 89
26 83 58
26 85 93
26 86 45
26 87 148
26 90 191
26 91 72
26 93 106
26 94 169
26 96 187
26 97 59
26 98 85
26 99 2
27 1 37
27 4 62
27 5 175
27 6 73
27 7 184
27 8 61
27 9 77
27 11 132
27 12 78
27 14 7
27 15 1
27 16 2
27 17 49
27 18 124
27 19 72
27 24 114
27 25 105
27 26 38
27 31 14
27 32 112
27 34 89
27 35 82
27 36 94
27 37 18
27 38 7
27 39 147
27 40 195
27 41 107
27 42 60
27 43 28
27 44 26
27 45 40
27 46 6
27 47 16
27 48 46
27 49 61
27 50 42
27 52 89
27 53 17
27 54 41
27 56 178
27 57 195
27 58 107
27 59 113
27 60 185
27 62 155
27 63 140
27 66 95
27 67 53
27 68 91
27 69 109
27 70 170
27 71 128
27 72 92
27 73 103
27 74 47
27 75 176
27 76 162
27 77 90
27 79 107
27 80 24
27 81 195
27 82 49
27 83 184
27 84 3
27 85 65
27 86 28
27 87 92
27 88 9
27 89 44
27 90 98
27 91 44
27 92 165
27 93 97
27 94 195
27 95 156
27 96 41
27 97 98
27 98 171
28 1 156
28 2 27
28 3 64
28 5 105
28 7 187
28 8 154
28 9 103
28 10 163
28 11 194
28 13 62
28 16 172
28 17 172
28 18 36
28 19 198
28 20 71
28 23 159
28 25 186
28 26 51
28 30 82
28 31 193
28 32 23
28 33 78
28 34 102
28 36 3
28 37 143
28 38 39
28 39 115
28 40 120
28 41 193
28 42 52
28 43 167
28 45 16
28 46 165
28 47 92
28 48 169
28 49 148
28 50 66
28 51 13
28 52 111
28 53 176
28 54 49
28 55 174
28 56 64
28 57 57
28 60 176
28 61 1
28 62 53
28 65 23
28 66 116
28 67 34
28 69 21
28 71 119
28 73 86
28 75 72
28 76 156
28 77 82
28 78 41
28 79 182
28 80 5
28 81 55
28 82 81
28 83 120
28 85 5
28 87 32
28 88 126
28 89 102
28 90 85
28 91 106
28 92 119
28 93 17
28 94 188
28 95 178
28 96 121
28 97 162
28 98 173
28 99 33
29 1 150
29 2 83
29 3 144
29 4 144
29 6 47
29 7 133
29 11 181
29 12 193
29 13 161
29 14 107
29 17 4
29 18 148
29 19 92
29 21 9
29 22 28
29 24 100
29 26 6
29 30 3
29 31 167
29 32 100
29 33 84
29 34 180
29 35 177
29 36 179
29 37 9
29 38 31
29 39 181
29 41 190
29 42 30
29 43 198
29 44 53
29 45 24
29 47 185
29 48 179
29 49 13
29 51 125
29 52 2
29 53 102
29 54 127
29 55 53
29 56 88
29 57 125
29 58 45
29 60 61
29 61 159
29 62 40
29 63 130
29 65 149
29 66 34
29 67 160
29 68 24
29 70 190
29 72 123
29 73 120
29 74 78
29 76 162
29 77 160
29 78 90
29 79 160
29 80 180
29 81 64
29 82 82
29 84 17
29 85 72
29 86 85
29 87 176
29 88 152
29 89 171
29 90 146
29 92 112
29 93 70
29 94 195
29 96 192
29 97 80
29 98 58
29 99 54
30 1 118
30 2 162
30 4 80
30 5 126
30 6 28
30 7 74
30 9 168
30 11 135
30 12 33
30 13 26
30 14 90
30 15 173
30 17 171
30 18 133
30 19 124
30 20 183
30 24 47
30 25 111
30 26 182
30 28 82
30 29 3
30 31 114
30 33 172
30 34 17
30 35 58
30 36 152
30 37 130
30 38 66
30 39 92
30 41 94
30 42 93
30 43 171
30 44 183
30 46 86
30 47 6
30 48 146
30 49 44
30 50 175
30 53 61
30 54 119
30 55 186
30 56 149
30 57 9
30 58 82
30 59 179
30 60 111
30 61 138
30 62 79
30 63 91
30 66 18
30 67 24
30 68 170
30 69 30
30 71 127
30 72 65
30 73 190
30 74 77
30 75 36
30 76 156
30 79 125
30 80 171
30 82 30
30 84 60
30 86 147
30 88 85
30 90 15
30 91 130
30 92 16
30 93 156
30 94 31
30 96 54
30 97 189
30 98 12
30 99 131
31 2 193
31 4 44
31 5 39
31 6 75
31 7 101
31 8 93
31 9 22
31 10 146
31 11 110
31 13 90
31 14 68
31 15 91
31 16 73
31 17 111
31 18 171
31 19 168
31 20 189
31 21 2
31 22 141
31 24 120
31 25 194
31 26 142
31 27 14
31 28 193
31 29 167
31 30 114
31 32 49
31 33 109
31 34 125
31 36 35
31 37 87
31 38 100
31 39 193
31 40 172
31 42 27
31 43 19
31 44 100
31 45 109
31 46 153
31 47 189
31 48 30
31 50 68
31 51 20
31 52 148
31 53 12
31 54 180
31 57 109
31 58 146
31 60 168
31 61 65
31 62 196
31 64 195
31 65 132
31 67 25
31 68 44
31 69 92
31 70 46
31 71 33
31 73 77
31 74 139
31 75 162
31 77 128
31 78 35
31 80 84
31 81 178
31 83 3
31 84 134
31 85 64
31 86 46
31 87 73
31 89 137
31 90 44
31 91 136
31 92 113
31 93 100
31 94 181
31 96 146
31 98 170
31 99 127
32 2 46
32 3 3
32 4 25
32 7 16
32 8 95
32 9 162
32 10 17
32 11 157
32 13 37
32 14 169
32 15 85
32 16 9
32 18 107
32 19 169
32 20 5
32 21 184
32 22 77
32 23 37
32 25 48
32 26 86
32 27 112
32 28 23
32 29 100
32 31 49
32 33 179
32 34 73
32 36 166
32 38 80
32 39 109
32 40 47
32 42 4
32 43 153
32 44 54
32 46 181
32 47 122
32 49 102
32 50 199
32 52 83
32 53 110
32 54 99
32 55 42
32 56 138
32 57 29
32 59 148
32 60 96
32 61 28
32 63 47
32 64 102
32 65 9
32 66 147
32 68 44
32 72 110
32 74 157
32 76 145
32 77 132
32 80 123
32 81 160
32 82 117
32 83 49
32 85 66
32 86 112
32 87 47
32 88 120
32 90 15
32 92 149
32 93 115
32 94 17
32 95 87
32 96 147
32 97 132
32 98 93
32 99 178
33 2 139
33 3 168
33 5 162
33 9 47
33 11 82
33 12 61
33 13 40
33 14 91
33 17 73
33 18 65
33 19 65
33 20 54
33 21 184
33 23 180
33 25 171
33 26 118
33 28 78
33 29 84
33 30 172
33 31 109
33 32 179
33 34 128
33 35 139
33 39 48
33 40 24
33 42 178
33 43 37
33 44 147
33 45 192
33 47 169
33 48 172
33 51 171
33 53 135
33 54 117
33 55 185
33 56 96
33 57 3
33 58 155
33 59 156
33 61 120
33 62 88
33 63 119
33 64 51
33 66 174
33 68 52
33 69 104
33 70 178
33 72 64
33 73 80
33 76 7
33 77 85
33 78 78
33 79 36
33 80 10
33 81 198
33 82 91
33 83 53
33 84 179
33 85 94
33 86 23
33 88 72
33 89 28
33 90 157
33 91 52
33 92 114
33 93 197
33 94 2
33 96 114
33 97 120
33 98 81
33 99 155
34 1 138
34 2 95
34 3 160
34 4 61
34 5 10
34 8 124
34 9 156
34 11 1
34 12 147
34 13 196
34 14 91
34 15 6
34 16 2
34 17 11
34 18 148
34 21 88
34 23 94
34 24 69
34 26 58
34 27 89
34 28 102
34 29 180
34 30 17
34 31 125
34 32 73
34 33 128
34 35 66
34 36 6
34 37 72
34 38 59
34 39 169
34 40 116
34 41 55
34 42 9
34 43 192
34 45 177
34 47 98
34 49 91
34 50 35
34 51 193
34 52 160
34 55 11
34 57 104
34 59 164
34 60 170
34 61 158
34 62 95
34 63 36
34 64 13
34 65 197
34 66 200
34 68 145
34 70 46
34 71 159
34 72 41
34 73 156
34 74 74
34 75 20
34 76 76
34 77 134
34 80 189
34 81 117
34 83 146
34 84 161
34 85 151
34 86 171
34 88 105
34 89 199
34 90 59
34 93 198
34 94 180
34 95 31
34 96 33
34 97 87
34 98 183
34 99 60
35 1 50
35 2 41
35 3 51
35 5 87
35 6 170
35 7 169
35 8 98
35 9 52
35 10 20
35 11 52
35 12 28
35 13 145
35 14 60
35 15 81
35 16 133
35 17 150
35 18 136
35 19 61
35 20 173
35 21 48
35 22 168
35 23 110
35 25 13
35 26 130
35 27 82
35 29 177
35 30 58
35 33 139
35 34 66
35 36 182
35 37 52
35 38 3
35 39 183
35 40 24
35 41 31
35 43 13
35 44 183
35 45 187
35 46 27
35 47 25
35 48 144
35 49 72
35 50 127
35 51 185
35 52 14
35 53 109
35 54 16
35 56 142
35 58 124
35 59 183
35 60 109
35 62 193
35 64 96
35 65 115
35 66 174
35 68 64
35 69 36
35 76 36
35 78 88
35 81 102
35 83 131
35 85 14
35 86 5
35 87 113
35 88 157
35 89 35
35 90 99
35 92 50
35 93 30
35 94 170
35 95 78
35 96 77
35 97 132
35 98 79
35 99 105
36 1 124
36 2 47
36 3 170
36 4 6
36 6 109
36 7 87
36 8 155
36 9 120
36 12 16
36 13 74
36 14 37
36 15 78
36 17 18
36 18 109
36 20 39
36 21 31
36 24 84
36 25 41
36 27 94
36 28 3
36 29 179
36 30 152
36 31 35
36 32 166
36 34 6
36 35 182
36 37 138
36 38 129
36 39 1
36 40 162
36 41 91
36 42 185
36 43 46
36 44 9
36 45 143
36 46 185
36 47 99
36 48 25
36 49 168
36 56 17
36 57 161
36 58 128
36 59 4
36 60 177
36 61 96
36 62 102
36 63 92
36 64 154
36 65 69
36 66 31
36 69 154
36 70 9
36 72 62
36 73 45
36 75 167
36 76 131
36 77 76
36 80 113
36 81 20
36 82 116
36 83 10
36 84 71
36 85 102
36 86 30
36 87 116
36 88 161
36 89 63
36 90 106
36 91 82
36 92 30
36 93 122
36 95 138
36 96 30
36 97 76
36 98 55
36 99 130
37 1 73
37 2 21
37 4 29
37 5 119
37 7 48
37 8 120
37 9 23
37 10 90
37 11 60
37 13 168
37 14 21
37 16 131
37 18 22
37 19 167
37 20 28
37 21 1
37 24 77
37 25 113
37 27 18
37 28 143
37 29 9
37 30 130
37 31 87
37 34 72
37 35 52
37 36 138
37 39 115
37 40 126
37 42 19
37 43 20
37 46 187
37 47 72
37 48 163
37 51 2
37 53 154
37 54 74
37 55 71
37 56 180
37 57 158
37 59 3
37 60 4
37 61 27
37 62 11
37 63 60
37 64 176
37 65 89
37 66 143
37 67 29
37 68 25
37 69 189
37 70 97
37 71 105
37 72 22
37 73 180
37 74 109
37 76 36
37 77 165
37 78 53
37 79 61
37 80 126
37 81 115
37 84 33
37 85 155
37 87 32
37 88 78
37 89 192
37 90 118
37 91 16
37 93 161
37 94 195
37 95 114
37 96 99
37 97 76
37 98 151
37 99 173
38 2 84
38 3 115
38 4 62
38 5 134
38 6 5
38 7 92
38 8 186
38 9 16
38 10 128
38 11 86
38 12 89
38 14 136
38 15 100
38 16 52
38 18 56
38 19 93
38 20 40
38 21 109
38 23 2
38 24 175
38 25 172
38 26 13
38 27 7
38 28 39
38 29 31
38 30 66
38 31 100
38 32 80
38 34 59
38 35 3
38 36 129
38 40 17
38 41 173
38 42 17
38 43 75
38 45 168
38 46 108
38 47 179
38 48 50
38 49 141
38 51 137
38 52 15
38 53 13
38 54 135
38 55 108
38 57 131
38 58 59
38 59 24
38 60 142
38 61 4
38 62 139
38 63 170
38 64 41
38 65 36
38 66 113
38 67 142
38 69 28
38 71 9
38 73 73
38 74 117
38 79 164
38 80 83
38 82 175
38 84 95
38 85 14
38 86 30
38 87 171
38 88 48
38 89 113
38 90 6
38 91 126
38 95 21
38 96 48
38 98 99
38 99 71
39 1 195
39 2 31
39 3 104
39 4 189
39 5 196
39 6 174
39 7 164
39 8 118
39 9 44
39 11 148
39 14 131
39 15 159
39 16 33
39 19 174
39 20 107
39 21 73
39 22 66
39 23 42
39 25 186
39 26 74
39 27 147
39 28 115
39 29 181
39 30 92
39 31 193
39 32 109
39 33 48
39 34 169
39 35 183
39 36 1
39 37 115
39 40 183
39 42 49
39 43 23
39 46 51
39 47 64
39 48 76
39 49 27
39 50 66
39 51 43
39 52 99
39 53 38
39 54 115
39 56 12
39 57 193
39 58 110
39 59 106
39 60 60
39 61 71
39 62 60
39 63 188
39 66 138
39 67 145
39 68 96
39 69 99
39 71 25
39 73 67
39 75 119
39 76 66
39 78 190
39 80 50
39 81 194
39 83 101
39 85 152
39 86 98
39 88 132
39 89 58
39 91 60
39 92 9
39 93 191
39 94 121
39 97 16
39 98 190
39 99 130
40 2 181
40 3 90
40 4 65
40 6 197
40 8 77
40 9 38
40 10 155
40 11 97
40 12 7
40 13 172
40 14 25
40 15 59
40 16 150
40 17 109
40 18 90
40 19 121
40 20 152
40 23 119
40 24 133
40 25 10
40 26 51
40 27 195
40 28 120
40 31 172
40 32 47
40 33 24
40 34 116
40 35 24
40 36 162
40 37 126
40 38 17
40 39 183
40 42 51
40 43 157
40 45 132
40 46 149
40 48 157
40 49 138
40 50 164
40 51 106
40 52 117
40 53 41
40 54 59
40 56 69
40 57 84
40 59 126
40 62 181
40 63 200
40 64 46
40 66 158
40 67 65
40 68 57
40 69 38
40 71 176
40 73 22
40 74 34
40 75 116
40 76 95
40 78 131
40 79 124
40 81 82
40 82 148
40 83 11
40 84 117
40 87 71
40 88 152
40 89 85
40 92 84
40 95 138
40 96 107
40 97 37
40 98 136
40 99 168
41 1 3
41 2 116
41 3 23
41 4 13
41 5 102
41 6 159
41 7 1
41 10 192
41 11 89
41 12 38
41 13 140
41 15 183
41 16 22
41 17 144
41 18 144
41 19 179
41 20 193
41 21 179
41 22 165
41 23 191
41 24 150
41 25 113
41 26 10
41 27 107
41 28 193
41 29 190
41 30 94
41 34 55
41 35 31
41 36 91
41 38 173
41 42 159
41 43 16
41 44 117
41 45 59
41 48 150
41 49 95
41 52 194
41 53 56
41 55 116
41 58 99
41 59 27
41 61 194
41 62 34
41 65 169
41 66 5
41 67 42
41 68 11
41 69 37
41 70 176
41 71 68
41 72 25
41 73 186
41 74 61
41 75 190
41 76 34
41 77 132
41 78 87
41 79 115
41 80 32
41 81 66
41 82 114
41 85 167
41 86 22
41 87 14
41 88 95
41 89 165
41 90 3
41 91 38
41 92 60
41 93 118
41 94 38
41 96 190
41 99 52
42 1 79
42 2 89
42 3 121
42 4 50
42 6 148
42 8 66
42 9 55
42 10 173
42 11 55
42 12 39
42 13 102
42 14 153
42 15 135
42 16 47
42 18 124
42 19 57
42 21 93
42 24 59
42 25 61
42 26 92
42 27 60
42 28 52
42 29 30
42 30 93
42 31 27
42 32 4
42 33 178
42 34 9
42 36 185
42 37 19
42 38 17
42 39 49
42 40 51
42 41 159
42 44 156
42 45 88
42 47 60
42 48 76
42 51 38
42 53 18
42 54 137
42 55 199
42 56 146
42 58 131
42 59 135
42 63 137
42 64 182
42 65 24
42 66 138
42 67 146
42 68 125
42 70 85
42 71 20
42 74 156
42 75 2
42 76 76
42 77 88
42 78 41
42 80 129
42 81 138
42 82 156
42 83 198
42 84 63
42 85 173
42 86 144
42 89 185
42 91 150
42 92 124
42 93 47
42 94 13
42 95 156
42 96 3
42 98 196
42 99 117
43 1 83
43 3 128
43 5 84
43 6 39
43 7 122
43 8 146
43 10 122
43 11 3
43 12 23
43 13 161
43 14 13
43 16 86
43 17 46
43 18 134
43 19 45
43 20 85
43 21 31
43 22 183
43 23 40
43 24 176
43 25 65
43 27 28
43 28 167
43 29 198
43 30 171
43 31 19
43 32 153
43 33 37
43 34 192
43 35 13
43 36 46
43 37 20
43 38 75
43 39 23
43 40 157
43 41 16
43 44 179
43 45 197
43 46 69
43 47 36
43 48 44
43 49 105
43 50 78
43 51 173
43 52 81
43 53 187
43 55 147
43 58 100
43 59 117
43 60 65
43 61 21
43 62 70
43 63 168
43 64 173
43 65 90
43 67 22
43 68 194
43 70 107
43 72 74
43 73 198
43 74 183
43 75 33
43 76 126
43 79 186
43 81 110
43 82 111
43 83 114
43 84 190
43 85 62
43 86 66
43 87 119
43 88 187
43 89 54
43 90 176
43 91 56
43 92 136
43 93 37
43 94 109
43 95 122
43 97 124
43 98 56
43 99 170
44 1 18
44 2 117
44 3 48
44 4 51
44 6 161
44 8 9
44 10 89
44 11 64
44 16 187
44 17 1
44 19 167
44 20 58
44 22 165
44 23 177
44 24 105
44 25 27
44 26 106
44 27 26
44 29 53
44 30 183
44 31 100
44 32 54
44 33 147
44 35 183
44 36 9
44 41 117
44 42 156
44 43 179
44 45 91
44 46 158
44 47 128
44 48 180
44 50 22
44 51 112
44 52 170
44 54 23
44 56 145
44 57 137
44 58 126
44 59 170
44 60 102
44 62 21
44 63 190
44 64 29
44 65 18
44 67 19
44 68 129
44 70 2
44 71 34
44 72 56
44 73 193
44 74 75
44 77 107
44 78 87
44 79 32
44 80 138
44 82 28
44 83 122
44 84 5
44 85 109
44 86 28
44 87 156
44 89 7
44 90 85
44 91 180
44 93 59
44 94 194
44 95 183
44 98 11
45 1 116
45 3 124
45 5 155
45 6 42
45 7 109
45 8 172
45 9 10
45 10 79
45 11 165
45 12 189
45 13 123
45 15 52
45 16 32
45 17 65
45 18 146
45 19 150
45 20 158
45 21 106
45 22 61
45 23 174
45 25 148
45 26 12
45 27 40
45 28 16
45 29 24
45 31 109
45 33 192
45 34 177
45 35 187
45 36 143
45 38 168
45 40 132
45 41 59
45 42 88
45 43 197
45 44 91
45 47 24
45 48 192
45 49 73
45 50 61
45 51 185
45 52 91
45 53 144
45 54 198
45 55 133
45 57 15
45 59 110
45 60 36
45 63 10
45 64 83
45 67 135
45 69 104
45 70 23
45 71 146
45 74 19
45 75 83
45 76 26
45 78 66
45 79 65
45 80 170
45 82 103
45 83 142
45 84 72
45 86 71
45 90 147
45 94 31
45 95 67
45 96 145
45 97 139
45 98 34
46 1 33
46 3 78
46 4 159
46 6 17
46 7 96
46 9 132
46 10 59
46 11 151
46 12 57
46 14 158
46 15 175
46 16 118
46 18 81
46 19 6
46 21 70
46 22 95
46 23 173
46 26 69
46 27 6
46 28 165
46 30 86
46 31 153
46 32 181
46 35 27
46 36 185
46 37 187
46 38 108
46 39 51
46 40 149
46 43 69
46 44 158
46 47 41
46 48 138
46 51 53
46 52 199
46 54 183
46 56 200
46 57 178
46 58 159
46 59 180
46 60 197
46 61 88
46 62 114
46 65 12
46 67 13
46 68 1
46 69 143
46 70 2
46 71 114
46 73 133
46 74 28
46 75 121
46 76 143
46 78 149
46 80 175
46 81 18
46 82 142
46 83 193
46 84 143
46 85 51
46 87 115
46 88 200
46 89 161
46 91 123
46 93 109
46 94 179
46 96 4
46 97 81
46 99 5
47 1 177
47 2 53
47 5 81
47 6 179
47 7 150
47 8 64
47 9 84
47 10 40
47 11 181
47 12 50
47 15 101
47 17 60
47 18 167
47 20 19
47 22 135
47 23 52
47 24 125
47 25 75
47 27 16
47 28 92
47 29 185
47 30 6
47 31 189
47 32 122
47 33 169
47 34 98
47 35 25
47 36 99
47 37 72
47 38 179
47 39 64
47 42 60
47 43 36
47 44 128
47 45 24
47 46 41
47 49 55
47 50 108
47 51 120
47 52 17
47 53 181
47 54 120
47 55 96
47 56 18
47 57 77
47 58 123
47 59 56
47 60 58
47 61 185
47 62 155
47 63 54
47 64 59
47 65 180
47 66 128
47 67 21
47 68 92
47 69 27
47 70 4
47 71 91
47 72 193
47 73 26
47 74 12
47 77 179
47 78 178
47 79 55
47 81 65
47 82 51
47 83 200
47 84 46
47 86 172
47 87 169
47 88 161
47 89 51
47 90 132
47 91 14
47 92 72
47 93 6
47 94 101
47 95 141
47 96 49
47 97 47
47 98 21
47 99 156
48 1 106
48 2 198
48 3 25
48 4 131
48 5 195
48 6 198
48 8 6
48 9 17
48 11 108
48 12 114
48 13 195
48 14 34
48 15 87
48 19 139
48 23 2
48 25 146
48 27 46
48 28 169
48 29 179
48 30 146
48 31 30
48 33 172
48 35 144
48 36 25
48 37 163
48 38 50
48 39 76
48 40 157
48 41 150
48 42 76
48 43 44
48 44 180
48 45 192
48 46 138
48 49 192
48 50 172
48 51 28
48 55 137
48 58 60
48 59 45
48 60 53
48 61 52
48 62 87
48 64 38
48 65 76
48 66 33
48 67 187
48 68 65
48 69 17
48 70 39
48 72 155
48 73 20
48 74 118
48 75 88
48 76 28
48 77 19
48 78 1
48 80 18
48 83 88
48 84 164
48 85 132
48 86 67
48 87 62
48 88 57
48 91 132
48 92 78
48 93 104
48 94 38
48 95 105
48 96 174
48 97 72
48 99 106
49 1 44
49 3 198
49 4 191
49 5 81
49 7 96
49 8 137
49 9 39
49 10 101
49 11 41
49 13 145
49 14 19
49 15 7
49 16 30
49 17 84
49 18 200
49 19 34
49 20 195
49 21 137
49 23 173
49 24 166
49 25 35
49 27 61
49 28 148
49 29 13
49 30 44
49 32 102
49 34 91
49 35 72
49 36 168
49 38 141
49 39 27
49 40 138
49 41 95
49 43 105
49 45 73
49 47 55
49 48 192
49 50 59
49 51 60
49 52 69
49 53 91
49 54 59
49 56 11
49 57 135
49 58 47
49 59 134
49 60 30
49 61 21
49 62 29
49 64 149
49 65 79
49 66 189
49 67 137
49 68 63
49 70 192
49 71 198
49 73 121
49 76 1
49 77 191
49 78 100
49 79 142
49 80 162
49 81 5
49 82 20
49 83 199
49 85 74
49 86 43
49 89 167
49 90 73
49 91 94
49 93 95
49 94 112
49 95 86
49 97 147
49 98 87
49 99 87
50 1 39
50 2 81
50 3 82
50 4 3
50 5 190
50 6 55
50 7 186
50 9 182
50 10 58
50 12 5
50 13 185
50 14 88
50 15 97
50 16 52
50 17 159
50 18 165
50 19 63
50 20 120
50 21 176
50 22 191
50 23 149
50 24 133
50 26 67
50 27 42
50 28 66
50 30 175
50 31 68
50 32 199
50 34 35
50 35 127
50 39 66
50 40 164
50 43 78
50 44 22
50 45 61
50 47 108
50 48 172
50 49 59
50 52 153
50 53 88
50 55 51
50 57 147
50 58 189
50 59 126
50 60 107
50 61 36
50 62 97
50 63 188
50 65 16
50 66 93
50 68 35
50 69 61
50 70 78
50 71 65
50 72 179
50 73 175
50 74 87
50 75 119
50 77 70
50 79 34
50 82 124
50 83 66
50 85 158
50 86 97
50 88 31
50 89 120
50 91 135
50 92 72
50 93 2
50 95 23
50 96 142
50 97 2
50 98 92
51 1 198
51 2 89
51 3 67
51 6 133
51 7 177
51 8 13
51 9 48
51 10 84
51 11 143
51 12 36
51 13 2
51 14 41
51 15 24
51 16 149
51 17 85
51 18 17
51 19 125
51 20 140
51 21 11
51 22 175
51 23 74
51 25 118
51 28 13
51 29 125
51 31 20
51 33 171
51 34 193
51 35 185
51 37 2
51 38 137
51 39 43
51 40 106
51 42 38
51 43 173
51 44 112
51 45 185
51 46 53
51 47 120
51 48 28
51 49 60
51 52 82
51 54 44
51 55 178
51 56 177
51 57 148
51 58 69
51 59 116
51 60 14
51 61 165
51 62 12
51 64 84
51 65 68
51 69 92
51 70 58
51 71 45
51 72 160
51 73 111
51 74 142
51 75 65
51 79 112
51 80 171
51 81 198
51 82 95
51 83 21
51 86 52
51 87 193
51 88 58
51 89 101
51 90 164
51 91 116
51 92 18
51 93 96
51 94 167
51 95 61
51 97 167
51 99 125
52 1 133
52 2 153
52 3 189
52 5 37
52 6 5
52 7 122
52 8 185
52 9 154
52 10 19
52 11 183
52 12 47
52 14 92
52 15 87
52 17 16
52 18 130
52 19 156
52 20 3
52 21 54
52 22 96
52 23 61
52 24 185
52 25 162
52 26 31
52 27 89
52 28 111
52 29 2
52 31 148
52 32 83
52 34 160
52 35 14
52 38 15
52 39 99
52 40 117
52 41 194
52 43 81
52 44 170
52 45 91
52 46 199
52 47 17
52 49 69
52 50 153
52 51 82
52 53 158
52 54 63
52 55 118
52 56 45
52 59 193
52 60 200
52 61 45
52 62 41
52 64 130
52 65 21
52 66 25
52 68 104
52 69 91
52 71 147
52 72 98
52 73 117
52 74 197
52 75 55
52 77 65
52 79 191
52 80 129
52 81 84
52 82 67
52 83 148
52 85 121
52 87 11
52 89 138
52 90 56
52 92 167
52 93 29
52 94 25
52 95 42
52 96 90
52 99 40
53 1 60
53 3 41
53 6 131
53 8 120
53 9 53
53 11 47
53 12 10
53 13 75
53 14 117
53 18 88
53 19 132
53 20 83
53 21 149
53 22 179
53 24 49
53 26 174
53 27 17
53 28 176
53 29 102
53 30 61
53 31 12
53 32 110
53 33 135
53 35 109
53 37 154
53 38 13
53 39 38
53 40 41
53 41 56
53 42 18
53 43 187
53 45 144
53 47 181
53 49 91
53 50 88
53 52 158
53 54 156
53 55 93
53 56 93
53 57 131
53 61 36
53 62 172
53 63 56
53 64 105
53 65 45
53 66 21
53 67 97
53 68 3
53 70 95
53 71 63
53 72 101
53 73 93
53 74 53
53 75 59
53 76 108
53 77 55
53 78 196
53 79 159
53 80 176
53 81 91
53 82 195
53 83 171
53 84 51
53 85 78
53 86 79
53 87 197
53 88 122
53 89 67
53 90 115
53 91 52
53 92 172
53 93 190
53 94 5
53 95 57
53 97 31
53 98 12
54 1 27
54 2 87
54 3 8
54 4 100
54 5 197
54 7 47
54 8 112
54 9 166
54 10 77
54 11 93
54 12 13
54 13 104
54 14 185
54 15 3
54 17 113
54 20 112
54 21 89
54 24 181
54 25 73
54 27 41
54 28 49
54 29 127
54 30 119
54 31 180
54 32 99
54 33 117
54 35 16
54 37 74
54 38 135
54 39 115
54 40 59
54 42 137
54 44 23
54 45 198
54 46 183
54 47 120
54 49 59
54 51 44
54 52 63
54 53 156
54 55 84
54 57 133
54 59 168
54 60 111
54 62 134
54 63 16
54 64 186
54 65 1
54 66 13
54 69 49
54 72 73
54 74 199
54 76 20
54 77 155
54 78 8
54 81 200
54 82 42
54 84 33
54 85 90
54 88 81
54 90 128
54 95 146
54 96 89
54 97 83
54 99 78
55 3 197
55 4 110
55 7 104
55 8 185
55 10 8
55 12 39
55 13 59
55 16 119
55 17 106
55 18 172
55 19 129
55 21 5
55 22 108
55 23 175
55 24 182
55 25 179
55 26 35
55 28 174
55 29 53
55 30 186
55 32 42
55 33 185
55 34 11
55 37 71
55 38 108
55 41 116
55 42 199
55 43 147
55 45 133
55 47 96
55 48 137
55 50 51
55 51 178
55 52 118
55 53 93
55 54 84
55 56 3
55 57 40
55 58 71
55 62 111
55 63 34
55 64 29
55 66 45
55 67 34
55 71 182
55 72 197
55 73 3
55 74 56
55 75 71
55 76 15
55 78 27
55 79 32
55 81 50
55 82 117
55 83 30
55 84 158
55 85 53
55 86 98
55 88 153
55 89 156
55 92 1
55 96 39
55 97 46
56 1 37
56 2 84
56 3 129
56 4 48
56 5 137
56 6 106
56 7 27
56 8 88
56 10 151
56 11 98
56 12 82
56 13 29
56 14 15
56 16 68
56 17 114
56 18 60
56 20 8
56 22 145
56 24 18
56 25 123
56 26 80
56 27 178
56 28 64
56 29 88
56 30 149
56 32 138
56 33 96
56 35 142
56 36 17
56 37 180
56 39 12
56 40 69
56 42 146
56 44 145
56 46 200
56 47 18
56 49 11
56 51 177
56 52 45
56 53 93
56 55 3
56 57 71
56 59 81
56 60 61
56 61 170
56 63 147
56 64 106
56 65 107
56 66 15
56 69 31
56 72 55
56 73 190
56 74 21
56 77 33
56 81 63
56 83 186
56 85 24
56 86 128
56 87 193
56 88 141
56 89 13
56 90 41
56 91 175
56 92 124
56 93 49
56 94 168
56 95 84
56 96 93
56 97 184
56 98 61
56 99 57
57 1 51
57 3 183
57 4 192
57 5 188
57 7 23
57 8 195
57 10 118
57 11 186
57 12 199
57 13 46
57 14 194
57 15 133
57 16 158
57 20 159
57 21 31
57 22 102
57 24 165
57 26 15
57 27 195
57 28 57
57 29 125
57 30 9
57 31 109
57 32 29
57 33 3
57 34 104
57 36 161
57 37 158
57 38 131
57 39 193
57 40 84
57 44 137
57 45 15
57 46 178
57 47 77
57 49 135
57 50 147
57 51 148
57 53 131
57 54 133
57 55 40
57 56 71
57 58 124
57 59 155
57 60 169
57 61 159
57 62 82
57 63 85
57 64 45
57 65 179
57 67 190
57 68 53
57 69 101
57 70 94
57 72 196
57 73 116
57 75 147
57 77 57
57 78 178
57 79 35
57 80 144
57 81 4
57 83 112
57 87 124
57 88 103
57 89 92
57 90 64
57 91 171
57 94 194
57 95 191
57 96 170
57 98 12
57 99 140
58 2 66
58 3 129
58 6 159
58 7 17
58 8 135
58 10 186
58 11 92
58 12 139
58 13 130
58 15 132
58 16 85
58 19 101
58 20 10
58 23 152
58 25 185
58 26 148
58 27 107
58 29 45
58 30 82
58 31 146
58 33 155
58 35 124
58 36 128
58 38 59
58 39 110
58 41 99
58 42 131
58 43 100
58 44 126
58 46 159
58 47 123
58 48 60
58 49 47
58 50 189
58 51 69
58 55 71
58 57 124
58 60 132
58 61 77
58 62 99
58 64 189
58 65 111
58 66 157
58 67 37
58 69 135
58 70 141
58 71 141
58 72 116
58 73 18
58 74 51
58 75 50
58 76 62
58 78 177
58 79 120
58 80 183
58 81 124
58 83 41
58 84 36
58 85 196
58 87 16
58 89 13
58 90 135
58 91 76
58 93 135
58 95 24
58 96 40
58 97 5
58 98 65
58 99 143
59 1 103
59 2 165
59 3 153
59 6 180
59 7 52
59 8 188
59 9 115
59 10 109
59 12 73
59 13 155
59 14 128
59 18 61
59 20 194
59 21 170
59 22 151
59 23 191
59 24 80
59 25 157
59 27 113
59 30 179
59 32 148
59 33 156
59 34 164
59 35 183
59 36 4
59 37 3
59 38 24
59 39 106
59 40 126
59 41 27
59 42 135
59 43 117
59 44 170
59 45 110
59 46 180
59 47 56
59 48 45
59 49 134
59 50 126
59 51 116
59 52 193
59 54 168
59 56 81
59 57 155
59 60 61
59 61 87
59 63 44
59 65 105
59 67 184
59 68 24
59 69 129
59 70 196
59 71 181
59 72 47
59 73 46
59 74 192
59 75 23
59 76 122
59 78 180
59 79 98
59 81 195
59 83 31
59 84 92
59 85 159
59 87 88
59 88 57
59 89 147
59 90 60
59 91 138
59 92 178
59 93 199
59 94 98
59 96 151
60 1 73
60 2 153
60 4 97
60 5 15
60 6 15
60 8 32
60 9 157
60 10 115
60 11 117
60 12 51
60 13 22
60 14 103
60 15 136
60 16 6
60 17 16
60 19 142
60 25 122
60 26 137
60 27 185
60 28 176
60 29 61
60 30 111
60 31 168
60 32 96
60 34 170
60 35 109
60 36 177
60 37 4
60 38 142
60 39 60
60 43 65
60 44 102
60 45 36
60 46 197
60 47 58
60 48 53
60 49 30
60 50 107
60 51 14
60 52 200
60 54 111
60 56 61
60 57 169
60 58 132
60 59 61
60 61 87
60 62 142
60 63 185
60 64 154
60 65 142
60 66 73
60 67 86
60 68 1
60 70 92
60 71 151
60 72 158
60 73 108
60 76 23
60 78 58
60 79 160
60 80 58
60 82 116
60 84 133
60 86 194
60 87 100
60 90 115
60 91 63
60 92 97
60 93 112
60 95 76
60 96 106
60 97 194
60 98 88
60 99 55
61 2 67
61 3 93
61 4 151
61 5 24
61 6 129
61 7 92
61 8 2
61 9 187
61 10 14
61 11 82
61 13 196
61 14 86
61 15 118
61 16 57
61 17 58
61 18 76
61 19 106
61 21 149
61 22 165
61 25 160
61 28 1
61 29 159
61 30 138
61 31 65
61 32 28
61 33 120
61 34 158
61 36 96
61 37 27
61 38 4
61 39 71
61 41 194
61 43 21
61 46 88
61 47 185
61 48 52
61 49 21
61 50 36
61 51 165
61 52 45
61 53 36
61 56 170
61 57 159
61 58 77
61 59 87
61 60 87
61 62 180
61 64 187
61 65 164
61 66 62
61 68 19
61 70 56
61 71 43
61 72 132
61 73 33
61 75 102
61 78 25
61 79 78
61 80 68
61 81 42
61 82 188
61 83 198
61 84 6
61 85 127
61 86 93
61 87 126
61 88 170
61 89 153
61 90 43
61 91 174
61 95 84
61 98 87
61 99 179
62 1 188
62 2 51
62 4 182
62 5 65
62 6 72
62 7 189
62 8 165
62 9 99
62 10 181
62 11 5
62 12 6
62 13 108
62 14 86
62 15 13
62 16 65
62 18 45
62 20 180
62 21 16
62 22 82
62 23 178
62 24 70
62 25 75
62 27 155
62 28 53
62 29 40
62 30 79
62 31 196
62 33 88
62 34 95
62 35 193
62 36 102
62 37 11
62 38 139
62 39 60
62 40 181
62 41 34
62 43 70
62 44 21
62 46 114
62 47 155
62 48 87
62 49 29
62 50 97
62 51 12
62 52 41
62 53 172
62 54 134
62 55 111
62 57 82
62 58 99
62 60 142
62 61 180
62 63 99
62 65 55
62 66 136
62 67 159
62 68 126
62 70 194
62 71 70
62 72 162
62 73 196
62 74 21
62 75 75
62 76 58
62 77 87
62 78 98
62 79 78
62 80 198
62 81 136
62 82 95
62 83 169
62 84 148
62 85 79
62 86 38
62 87 135
62 89 67
62 90 5
62 92 128
62 95 2
62 96 167
62 97 151
62 99 106
63 1 103
63 3 181
63 4 160
63 5 193
63 6 169
63 7 26
63 10 77
63 11 91
63 12 133
63 13 27
63 14 63
63 15 188
63 16 73
63 20 146
63 22 124
63 23 32
63 24 103
63 26 180
63 27 140
63 29 130
63 30 91
63 32 47
63 33 119
63 34 36
63 36 92
63 37 60
63 38 170
63 39 188
63 40 200
63 42 137
63 43 168
63 44 190
63 45 10
63 47 54
63 50 188
63 53 56
63 54 16
63 55 34
63 56 147
63 57 85
63 59 44
63 60 185
63 62 99
63 64 44
63 66 27
63 68 94
63 69 33
63 70 84
63 72 94
63 74 2
63 75 125
63 76 193
63 77 78
63 78 117
63 79 64
63 81 51
63 82 31
63 83 38
63 84 71
63 86 1
63 87 111
63 88 150
63 89 43
63 90 55
63 91 179
63 92 23
63 93 29
63 96 117
63 97 69
63 99 109
64 1 25
64 2 175
64 3 142
64 4 100
64 5 51
64 6 8
64 7 82
64 8 39
64 9 177
64 10 23
64 12 8
64 14 56
64 15 57
64 16 65
64 17 186
64 18 77
64 20 79
64 22 48
64 24 167
64 25 33
64 26 96
64 31 195
64 32 102
64 33 51
64 34 13
64 35 96
64 36 154
64 37 176
64 38 41
64 40 46
64 42 182
64 43 173
64 44 29
64 45 83
64 47 59
64 48 38
64 49 149
64 51 84
64 52 130
64 53 105
64 54 186
64 55 29
64 56 106
64 57 45
64 58 189
64 60 154
64 61 187
64 63 44
64 66 140
64 67 137
64 68 2
64 69 139
64 72 16
64 73 131
64 74 35
64 75 116
64 76 140
64 78 66
64 80 82
64 82 74
64 83 147
64 84 92
64 85 24
64 86 86
64 87 76
64 88 90
64 89 144
64 90 123
64 94 124
64 95 113
64 96 41
64 97 105
64 99 54
65 1 154
65 2 88
65 3 60
65 4 27
65 5 136
65 9 163
65 10 45
65 11 173
65 12 100
65 16 1
65 17 158
65 18 41
65 19 44
65 20 57
65 21 39
65 22 42
65 23 24
65 24 200
65 25 30
65 26 136
65 28 23
65 29 149
65 31 132
65 32 9
65 34 197
65 35 115
65 36 69
65 37 89
65 38 36
65 41 169
65 42 24
65 43 90
65 44 18
65 46 12
65 47 180
65 48 76
65 49 79
65 50 16
65 51 68
65 52 21
65 53 45
65 54 1
65 56 107
65 57 179
65 58 111
65 59 105
65 60 142
65 61 164
65 62 55
65 67 14
65 68 104
65 69 2
65 70 67
65 71 145
65 72 132
65 74 32
65 76 42
65 77 200
65 78 199
65 79 173
65 81 16
65 82 90
65 83 184
65 84 42
65 85 111
65 86 170
65 87 39
65 90 177
65 91 99
65 93 189
65 94 88
65 95 81
65 96 70
65 97 143
65 99 145
66 1 92
66 2 5
66 3 181
66 6 34
66 9 82
66 10 129
66 11 77
66 12 169
66 13 9
66 15 127
66 16 159
66 17 168
66 19 47
66 21 85
66 23 35
66 24 5
66 25 80
66 27 95
66 28 116
66 29 34
66 30 18
66 32 147
66 33 174
66 34 200
66 35 174
66 36 31
66 37 143
66 38 113
66 39 138
66 40 158
66 41 5
66 42 138
66 47 128
66 48 33
66 49 189
66 50 93
66 52 25
66 53 21
66 54 13
66 55 45
66 56 15
66 58 157
66 60 73
66 61 62
66 62 136
66 63 27
66 64 140
66 67 190
66 70 30
66 71 188
66 72 33
66 73 121
66 74 98
66 76 1
66 79 91
66 80 99
66 81 174
66 82 195
66 84 163
66 85 89
66 87 140
66 89 5
66 90 80
66 91 155
66 92 168
66 93 190
66 94 143
66 95 4
66 96 106
66 97 195
66 98 169
66 99 195
67 1 93
67 2 184
67 4 89
67 6 158
67 8 180
67 9 4
67 11 141
67 12 6
67 13 159
67 14 21
67 15 71
67 16 155
67 17 83
67 18 10
67 19 24
67 20 135
67 21 86
67 22 45
67 23 198
67 24 159
67 26 100
67 27 53
67 28 34
67 29 160
67 30 24
67 31 25
67 37 29
67 38 142
67 39 145
67 40 65
67 41 42
67 42 146
67 43 22
67 44 19
67 45 135
67 46 13
67 47 21
67 48 187
67 49 137
67 53 97
67 55 34
67 57 190
67 58 37
67 59 184
67 60 86
67 62 159
67 64 137
67 65 14
67 66 190
67 68 31
67 69 122
67 71 152
67 72 109
67 73 66
67 75 184
67 76 42
67 78 158
67 79 184
67 80 49
67 82 165
67 83 197
67 84 84
67 85 82
67 86 189
67 87 143
67 88 47
67 89 156
67 91 116
67 92 4
67 94 159
67 95 184
67 96 17
67 98 49
67 99 194
68 1 131
68 2 77
68 3 105
68 4 66
68 7 3
68 8 46
68 9 106
68 10 148
68 12 180
68 13 19
68 14 94
68 15 115
68 16 136
68 17 164
68 18 44
68 20 132
68 21 114
68 22 172
68 24 51
68 25 146
68 27 91
68 29 24
68 30 170
68 31 44
68 32 44
68 33 52
68 34 145
68 35 64
68 37 25
68 39 96
68 40 57
68 41 11
68 42 125
68 43 194
68 44 129
68 46 1
68 47 92
68 48 65
68 49 63
68 50 35
68 52 104
68 53 3
68 57 53
68 59 24
68 60 1
68 61 19
68 62 126
68 63 94
68 64 2
68 65 104
68 67 31
68 70 29
68 71 78
68 73 27
68 75 137
68 76 95
68 78 156
68 79 147
68 80 61
68 81 134
68 82 165
68 83 98
68 84 171
68 86 193
68 89 105
68 90 98
68 91 153
68 92 122
68 93 127
68 95 21
68 96 143
68 97 160
68 98 169
68 99 135
69 1 41
69 2 101
69 3 163
69 7 122
69 9 69
69 11 161
69 12 20
69 13 69
69 14 175
69 15 48
69 16 78
69 17 86
69 18 92
69 23 131
69 24 47
69 25 7
69 27 109
69 28 21
69 30 30
69 31 92
69 33 104
69 35 36
69 36 154
69 37 189
69 38 28
69 39 99
69 40 38
69 41 37
69 45 104
69 46 143
69 47 27
69 48 17
69 50 61
69 51 92
69 52 91
69 54 49
69 56 31
69 57 101
69 58 135
69 59 129
69 63 33
69 64 139
69 65 2
69 67 122
69 70 16
69 71 112
69 72 185
69 74 88
69 76 55
69 77 69
69 79 188
69 80 125
69 81 144
69 82 183
69 83 181
69 84 66
69 86 42
69 87 94
69 88 146
69 89 193
69 90 116
69 91 172
69 93 38
69 95 92
69 97 150
69 98 44
69 99 44
70 1 107
70 3 127
70 7 15
70 8 8
70 11 72
70 12 154
70 13 33
70 14 93
70 15 31
70 16 151
70 17 100
70 19 91
70 21 93
70 22 154
70 23 114
70 25 153
70 26 12
70 27 170
70 29 190
70 31 46
70 33 178
70 34 46
70 36 9
70 37 97
70 41 176
70 42 85
70 43 107
70 44 2
70 45 23
70 46 2
70 47 4
70 48 39
70 49 192
70 50 78
70 51 58
70 53 95
70 57 94
70 58 141
70 59 196
70 60 92
70 61 56
70 62 194
70 63 84
70 65 67
70 66 30
70 68 29
70 69 16
70 71 11
70 72 182
70 73 178
70 74 94
70 75 128
70 77 189
70 78 189
70 80 199
70 81 80
70 82 13
70 83 163
70 84 58
70 86 91
70 87 115
70 89 198
70 90 110
70 92 175
70 93 46
70 94 129
70 95 153
70 96 130
70 97 40
70 98 127
70 99 52
71 1 63
71 2 44
71 3 78
71 4 15
71 6 37
71 8 28
71 9 66
71 10 117
71 11 15
71 12 137
71 14 135
71 15 68
71 16 200
71 18 51
71 19 147
71 20 3
71 21 71
71 22 155
71 23 88
71 25 187
71 26 76
71 27 128
71 28 119
71 30 127
71 31 33
71 34 159
71 37 105
71 38 9
71 39 25
71 40 176
71 41 68
71 42 20
71 44 34
71 45 146
71 46 114
71 47 91
71 49 198
71 50 65
71 51 45
71 52 147
71 53 63
71 55 182
71 58 141
71 59 181
71 60 151
71 61 43
71 62 70
71 65 145
71 66 188
71 67 152
71 68 78
71 69 112
71 70 11
71 72 86
71 74 9
71 75 85
71 76 58
71 77 1
71 78 30
71 79 152
71 80 179
71 81 182
71 82 16
71 83 93
71 84 3
71 85 114
71 86 103
71 87 186
71 89 134
71 90 124
71 92 170
71 93 187
71 94 172
71 95 66
71 96 154
71 97 38
71 99 98
72 1 100
72 2 110
72 4 6
72 5 140
72 7 122
72 8 110
72 9 166
72 10 31
72 11 149
72 12 6
72 15 152
72 16 47
72 17 34
72 18 104
72 19 145
72 20 146
72 21 39
72 23 177
72 24 103
72 25 188
72 26 79
72 27 92
72 29 123
72 30 65
72 32 110
72 33 64
72 34 41
72 36 62
72 37 22
72 41 25
72 43 74
72 44 56
72 47 193
72 48 155
72 50 179
72 51 160
72 52 98
72 53 101
72 54 73
72 55 197
72 56 55
72 57 196
72 58 116
72 59 47
72 60 158
72 61 132
72 62 162
72 63 94
72 64 16
72 65 132
72 66 33
72 67 109
72 69 185
72 70 182
72 71 86
72 73 147
72 74 111
72 77 16
72 78 97
72 79 3
72 80 171
72 81 14
72 83 182
72 85 200
72 86 6
72 87 197
72 88 141
72 89 165
72 90 144
72 91 157
72 92 166
72 93 163
72 94 36
72 95 52
72 96 31
72 97 58
72 98 149
72 99 19
73 1 87
73 2 149
73 3 9
73 4 125
73 7 117
73 8 198
73 9 83
73 10 33
73 11 5
73 12 3
73 13 87
73 14 168
73 15 84
73 17 185
73 19 178
73 21 169
73 22 33
73 24 117
73 26 159
73 27 103
73 28 86
73 29 120
73 30 190
73 31 77
73 33 80
73 34 156
73 36 45
73 37 180
73 38 73
73 39 67
73 40 22
73 41 186
73 43 198
73 44 193
73 46 133
73 47 26
73 48 20
73 49 121
73 50 175
73 51 111
73 52 117
73 53 93
73 55 3
73 56 190
73 57 116
73 58 18
73 59 46
73 60 108
73 61 33
73 62 196
73 64 131
73 66 121
73 67 66
73 68 27
73 70 178
73 72 147
73 74 169
73 75 127
73 78 82
73 79 179
73 80 45
73 81 191
73 82 85
73 83 120
73 84 73
73 85 77
73 88 77
73 89 57
73 90 103
73 91 105
73 92 33
73 93 167
73 96 30
73 97 154
73 98 163
73 99 113
74 2 66
74 3 39
74 4 10
74 5 79
74 6 56
74 7 29
74 8 114
74 9 28
74 10 6
74 14 103
74 15 77
74 17 179
74 18 120
74 19 85
74 20 171
74 21 142
74 22 176
74 24 162
74 26 188
74 27 47
74 29 78
74 30 77
74 31 139
74 32 157
74 34 74
74 37 109
74 38 117
74 40 34
74 41 61
74 42 156
74 43 183
74 44 75
74 45 19
74 46 28
74 47 12
74 48 118
74 50 87
74 51 142
74 52 197
74 53 53
74 54 199
74 55 56
74 56 21
74 58 51
74 59 192
74 62 21
74 63 2
74 64 35
74 65 32
74 66 98
74 69 88
74 70 94
74 71 9
74 72 111
74 73 169
74 75 111
74 76 110
74 77 34
74 79 63
74 81 154
74 82 73
74 85 44
74 86 175
74 87 164
74 88 157
74 90 90
74 92 180
74 93 137
74 94 154
74 95 154
74 96 195
74 97 150
74 98 65
74 99 179
75 3 114
75 4 149
75 5 116
75 7 88
75 8 11
75 9 195
75 10 17
75 11 1
75 12 198
75 13 16
75 14 4
75 15 27
75 16 158
75 17 175
75 18 1
75 19 43
75 20 40
75 21 50
75 22 84
75 23 96
75 24 200
75 25 150
75 26 168
75 27 176
75 28 72
75 30 36
75 31 162
75 34 20
75 36 167
75 39 119
75 40 116
75 41 190
75 42 2
75 43 33
75 45 83
75 46 121
75 48 88
75 50 119
75 51 65
75 52 55
75 53 59
75 55 71
75 57 147
75 58 50
75 59 23
75 61 102
75 62 75
75 63 125
75 64 116
75 67 184
75 68 137
75 70 128
75 71 85
75 73 127
75 74 111
75 77 51
75 78 18
75 79 167
75 80 60
75 81 13
75 82 37
75 83 178
75 85 130
75 87 70
75 89 41
75 90 69
75 91 108
75 92 125
75 95 121
75 96 72
75 97 187
75 99 103
76 1 42
76 2 22
76 3 137
76 5 84
76 7 142
76 8 108
76 10 159
76 11 80
76 12 62
76 13 30
76 14 98
76 15 131
76 17 73
76 18 92
76 19 34
76 20 93
76 21 149
76 22 7
76 23 181
76 24 146
76 27 162
76 28 156
76 29 162
76 30 156
76 32 145
76 33 7
76 34 76
76 35 36
76 36 131
76 37 36
76 39 66
76 40 95
76 41 34
76 42 76
76 43 126
76 45 26
76 46 143
76 48 28
76 49 1
76 53 108
76 54 20
76 55 15
76 58 62
76 59 122
76 60 23
76 62 58
76 63 193
76 64 140
76 65 42
76 66 1
76 67 42
76 68 95
76 69 55
76 71 58
76 74 110
76 78 177
76 79 17
76 82 70
76 83 189
76 84 105
76 86 168
76 87 198
76 88 169
76 89 159
76 92 153
76 93 98
76 94 171
76 95 141
76 96 150
76 97 119
76 98 138
76 99 78
77 1 56
77 2 143
77 3 112
77 5 113
77 6 198
77 7 194
77 10 68
77 11 152
77 12 117
77 13 150
77 15 30
77 16 65
77 17 31
77 18 160
77 19 94
77 21 39
77 22 180
77 23 62
77 25 179
77 26 46
77 27 90
77 28 82
77 29 160
77 31 128
77 32 132
77 33 85
77 34 134
77 36 76
77 37 165
77 41 132
77 42 88
77 44 107
77 47 179
77 48 19
77 49 191
77 50 70
77 52 65
77 53 55
77 54 155
77 56 33
77 57 57
77 62 87
77 63 78
77 65 200
77 69 69
77 70 189
77 71 1
77 72 16
77 74 34
77 75 51
77 78 9
77 79 26
77 80 193
77 81 20
77 82 87
77 84 180
77 85 39
77 86 30
77 87 72
77 88 44
77 90 146
77 92 162
77 94 198
77 96 115
77 97 79
77 98 94
77 99 93
78 1 43
78 2 157
78 3 135
78 4 58
78 5 123
78 6 39
78 7 45
78 8 118
78 9 193
78 10 6
78 11 149
78 12 132
78 15 53
78 16 164
78 17 19
78 19 192
78 22 51
78 23 134
78 25 200
78 26 12
78 28 41
78 29 90
78 31 35
78 33 78
78 35 88
78 37 53
78 39 190
78 40 131
78 41 87
78 42 41
78 44 87
78 45 66
78 46 149
78 47 178
78 48 1
78 49 100
78 53 196
78 54 8
78 55 27
78 57 178
78 58 177
78 59 180
78 60 58
78 61 25
78 62 98
78 63 117
78 64 66
78 65 199
78 67 158
78 68 156
78 70 189
78 71 30
78 72 97
78 73 82
78 75 18
78 76 177
78 77 9
78 80 105
78 81 96
78 82 132
78 83 50
78 84 73
78 86 26
78 88 112
78 91 43
78 92 196
78 93 164
78 94 114
78 95 12
78 96 89
78 97 127
78 98 141
79 1 116
79 2 66
79 3 152
79 4 12
79 5 31
79 6 2
79 7 198
79 8 81
79 9 123
79 12 34
79 13 156
79 14 12
79 16 55
79 17 137
79 19 91
79 20 115
79 21 171
79 24 100
79 26 133
79 27 107
79 28 182
79 29 160
79 30 125
79 33 36
79 37 61
79 38 164
79 40 124
79 41 115
79 43 186
79 44 32
79 45 65
79 47 55
79 49 142
79 50 34
79 51 112
79 52 191
79 53 159
79 55 32
79 57 35
79 58 120
79 59 98
79 60 160
79 61 78
79 62 78
79 63 64
79 65 173
79 66 91
79 67 184
79 68 147
79 69 188
79 71 152
79 72 3
79 73 179
79 74 63
79 75 167
79 76 17
79 77 26
79 81 111
79 85 38
79 86 82
79 87 189
79 88 171
79 89 107
79 90 163
79 91 170
79 92 17
79 93 84
79 94 40
79 95 66
79 96 60
79 97 96
79 98 131
79 99 138
80 1 22
80 2 79
80 3 98
80 4 85
80 5 42
80 6 133
80 7 184
80 8 175
80 10 123
80 11 141
80 14 20
80 16 93
80 17 17
80 18 45
80 20 20
80 21 115
80 24 28
80 26 89
80 27 24
80 28 5
80 29 180
80 30 171
80 31 84
80 32 123
80 33 10
80 34 189
80 36 113
80 37 126
80 38 83
80 39 50
80 41 32
80 42 129
80 44 138
80 45 170
80 46 175
80 48 18
80 49 162
80 51 171
80 52 129
80 53 176
80 57 144
80 58 183
80 60 58
80 61 68
80 62 198
80 64 82
80 66 99
80 67 49
80 68 61
80 69 125
80 70 199
80 71 179
80 72 171
80 73 45
80 75 60
80 77 193
80 78 105
80 81 176
80 82 34
80 83 25
80 84 167
80 86 114
80 87 32
80 89 189
80 90 14
80 91 86
80 92 38
80 93 28
80 94 30
80 95 67
80 97 45
80 98 157
81 1 17
81 2 198
81 3 117
81 4 20
81 5 57
81 6 186
81 8 75
81 9 146
81 10 129
81 11 161
81 13 83
81 14 141
81 15 5
81 16 52
81 18 177
81 19 107
81 20 158
81 22 188
81 23 165
81 24 127
81 25 193
81 27 195
81 28 55
81 29 64
81 31 178
81 32 160
81 33 198
81 34 117
81 35 102
81 36 20
81 37 115
81 39 194
81 40 82
81 41 66
81 42 138
81 43 110
81 46 18
81 47 65
81 49 5
81 51 198
81 52 84
81 53 91
81 54 200
81 55 50
81 56 63
81 57 4
81 58 124
81 59 195
81 61 42
81 62 136
81 63 51
81 65 16
81 66 174
81 68 134
81 69 144
81 70 80
81 71 182
81 72 14
81 73 191
81 74 154
81 75 13
81 77 20
81 78 96
81 79 111
81 80 176
81 82 101
81 83 76
81 85 30
81 86 1
81 87 150
81 88 127
81 89 20
81 90 80
81 91 18
81 92 154
81 93 181
81 95 145
81 98 138
82 2 93
82 3 187
82 5 165
82 6 106
82 7 80
82 10 169
82 11 51
82 13 61
82 14 71
82 16 170
82 17 74
82 18 186
82 19 89
82 20 2
82 21 15
82 23 7
82 24 84
82 25 60
82 27 49
82 28 81
82 29 82
82 30 30
82 32 117
82 33 91
82 36 116
82 38 175
82 40 148
82 41 114
82 42 156
82 43 111
82 44 28
82 45 103
82 46 142
82 47 51
82 49 20
82 50 124
82 51 95
82 52 67
82 53 195
82 54 42
82 55 117
82 60 116
82 61 188
82 62 95
82 63 31
82 64 74
82 65 90
82 66 195
82 67 165
82 68 165
82 69 183
82 70 13
82 71 16
82 73 85
82 74 73
82 75 37
82 76 70
82 77 87
82 78 132
82 80 34
82 81 101
82 83 134
82 84 164
82 86 88
82 87 144
82 88 144
82 89 37
82 90 111
82 91 116
82 93 125
82 94 38
82 95 168
82 96 197
82 97 156
82 99 180
83 3 118
83 4 191
83 6 58
83 7 185
83 8 71
83 9 99
83 10 117
83 12 189
83 13 181
83 14 35
83 16 191
83 17 10
83 18 36
83 20 17
83 21 66
83 24 143
83 25 62
83 26 58
83 27 184
83 28 120
83 31 3
83 32 49
83 33 53
83 34 146
83 35 131
83 36 10
83 39 101
83 40 11
83 42 198
83 43 114
83 44 122
83 45 142
83 46 193
83 47 200
83 48 88
83 49 199
83 50 66
83 51 21
83 52 148
83 53 171
83 55 30
83 56 186
83 57 112
83 58 41
83 59 31
83 61 198
83 62 169
83 63 38
83 64 147
83 65 184
83 67 197
83 68 98
83 69 181
83 70 163
83 71 93
83 72 182
83 73 120
83 75 178
83 76 189
83 78 50
83 80 25
83 81 76
83 82 134
83 84 177
83 85 32
83 86 148
83 87 32
83 88 50
83 89 136
83 92 100
83 93 43
83 94 56
83 96 143
83 97 168
83 98 123
84 1 7
84 2 40
84 4 34
84 5 25
84 7 159
84 8 189
84 9 199
84 10 3
84 11 128
84 12 119
84 14 175
84 15 75
84 16 35
84 17 110
84 18 153
84 19 91
84 20 187
84 21 2
84 22 3
84 23 127
84 24 71
84 25 200
84 27 3
84 29 17
84 30 60
84 31 134
84 33 179
84 34 161
84 36 71
84 37 33
84 38 95
84 40 117
84 42 63
84 43 190
84 44 5
84 45 72
84 46 143
84 47 46
84 48 164
84 53 51
84 54 33
84 55 158
84 58 36
84 59 92
84 60 133
84 61 6
84 62 148
84 63 71
84 64 92
84 65 42
84 66 163
84 67 84
84 68 171
84 69 66
84 70 58
84 71 3
84 73 73
84 76 105
84 77 180
84 78 73
84 80 167
84 82 164
84 83 177
84 85 139
84 86 119
84 88 200
84 91 3
84 93 158
84 94 88
84 95 135
84 96 138
84 97 55
84 99 200
85 2 154
85 3 12
85 4 157
85 5 125
85 7 187
85 8 147
85 9 167
85 10 182
85 11 125
85 12 155
85 13 65
85 14 116
85 15 28
85 16 128
85 18 144
85 19 197
85 21 48
85 23 54
85 25 76
85 26 93
85 27 65
85 28 5
85 29 72
85 31 64
85 32 66
85 33 94
85 34 151
85 35 14
85 36 102
85 37 155
85 38 14
85 39 152
85 41 167
85 42 173
85 43 62
85 44 109
85 46 51
85 48 132
85 49 74
85 50 158
85 52 121
85 53 78
85 54 90
85 55 53
85 56 24
85 58 196
85 59 159
85 61 127
85 62 79
85 64 24
85 65 111
85 66 89
85 67 82
85 71 114
85 72 200
85 73 77
85 74 44
85 75 130
85 77 39
85 79 38
85 81 30
85 83 32
85 84 139
85 86 136
85 88 124
85 89 101
85 90 104
85 91 150
85 92 197
85 94 133
85 95 12
85 96 82
85 97 8
85 98 108
85 99 189
86 1 13
86 2 106
86 3 3
86 4 81
86 5 137
86 7 194
86 9 21
86 10 152
86 12 121
86 13 43
86 14 91
86 15 17
86 17 193
86 20 131
86 22 143
86 23 136
86 24 118
86 25 9
86 26 45
86 27 28
86 29 85
86 30 147
86 31 46
86 32 112
86 33 23
86 34 171
86 35 5
86 36 30
86 38 30
86 39 98
86 41 22
86 42 144
86 43 66
86 44 28
86 45 71
86 47 172
86 48 67
86 49 43
86 50 97
86 51 52
86 53 79
86 55 98
86 56 128
86 60 194
86 61 93
86 62 38
86 63 1
86 64 86
86 65 170
86 67 189
86 68 193
86 69 42
86 70 91
86 71 103
86 72 6
86 74 175
86 76 168
86 77 30
86 78 26
86 79 82
86 80 114
86 81 1
86 82 88
86 83 148
86 84 119
86 85 136
86 87 76
86 88 50
86 90 167
86 91 36
86 93 146
86 94 174
86 95 24
86 97 149
86 98 18
86 99 148
87 1 22
87 2 61
87 3 141
87 4 93
87 5 17
87 6 150
87 7 112
87 8 116
87 10 78
87 11 5
87 13 153
87 14 125
87 15 90
87 16 147
87 17 126
87 18 16
87 19 166
87 20 28
87 21 134
87 22 43
87 24 180
87 25 182
87 26 148
87 27 92
87 28 32
87 29 176
87 31 73
87 32 47
87 35 113
87 36 116
87 37 32
87 38 171
87 40 71
87 41 14
87 43 119
87 44 156
87 46 115
87 47 169
87 48 62
87 51 193
87 52 11
87 53 197
87 56 193
87 57 124
87 58 16
87 59 88
87 60 100
87 61 126
87 62 135
87 63 111
87 64 76
87 65 39
87 66 140
87 67 143
87 69 94
87 70 115
87 71 186
87 72 197
87 74 164
87 75 70
87 76 198
87 77 72
87 79 189
87 80 32
87 81 150
87 82 144
87 83 32
87 86 76
87 89 55
87 90 175
87 91 29
87 93 116
87 94 127
87 96 119
87 97 77
87 98 54
87 99 91
88 1 41
88 2 51
88 6 185
88 7 161
88 8 173
88 9 49
88 10 169
88 12 35
88 14 189
88 16 109
88 17 142
88 18 94
88 19 153
88 20 39
88 22 81
88 23 65
88 25 184
88 27 9
88 28 126
88 29 152
88 30 85
88 32 120
88 33 72
88 34 105
88 35 157
88 36 161
88 37 78
88 38 48
88 39 132
88 40 152
88 41 95
88 43 187
88 46 200
88 47 161
88 48 57
88 50 31
88 51 58
88 53 122
88 54 81
88 55 153
88 56 141
88 57 103
88 59 57
88 61 170
88 63 150
88 64 90
88 67 47
88 69 146
88 72 141
88 73 77
88 74 157
88 76 169
88 77 44
88 78 112
88 79 171
88 81 127
88 82 144
88 83 50
88 84 200
88 85 124
88 86 50
88 89 37
88 90 126
88 91 41
88 92 107
88 93 157
88 94 140
88 95 195
88 98 165
88 99 70
89 2 91
89 3 185
89 4 186
89 5 4
89 6 14
89 7 19
89 8 2
89 9 42
89 10 46
89 11 199
89 12 128
89 13 153
89 14 57
89 15 45
89 16 55
89 17 151
89 19 151
89 20 37
89 21 76
89 23 154
89 25 31
89 27 44
89 28 102
89 29 171
89 31 137
89 33 28
89 34 199
89 35 35
89 36 63
89 37 192
89 38 113
89 39 58
89 40 85
89 41 165
89 42 185
89 43 54
89 44 7
89 46 161
89 47 51
89 49 167
89 50 120
89 51 101
89 52 138
89 53 67
89 55 156
89 56 13
89 57 92
89 58 13
89 59 147
89 61 153
89 62 67
89 63 43
89 64 144
89 66 5
89 67 156
89 68 105
89 69 193
89 70 198
89 71 134
89 72 165
89 73 57
89 75 41
89 76 159
89 79 107
89 80 189
89 81 20
89 82 37
89 83 136
89 85 101
89 87 55
89 88 37
89 93 155
89 94 173
89 95 5
89 96 31
89 97 94
89 99 79
90 1 25
90 3 118
90 4 77
90 5 14
90 6 44
90 7 130
90 8 171
90 9 25
90 10 164
90 12 198
90 13 122
90 14 9
90 16 97
90 17 12
90 18 125
90 19 53
90 20 187
90 21 10
90 22 70
90 23 144
90 25 81
90 26 191
90 27 98
90 28 85
90 29 146
90 30 15
90 31 44
90 32 15
90 33 157
90 34 59
90 35 99
90 36 106
90 37 118
90 38 6
90 41 3
90 43 176
90 44 85
90 45 147
90 47 132
90 49 73
90 51 164
90 52 56
90 53 115
90 54 128
90 56 41
90 57 64
90 58 135
90 59 60
90 60 115
90 61 43
90 62 5
90 63 55
90 64 123
90 65 177
90 66 80
90 68 98
90 69 116
90 70 110
90 71 124
90 72 144
90 73 103
90 74 90
90 75 69
90 77 146
90 79 163
90 80 14
90 81 80
90 82 111
90 85 104
90 86 167
90 87 175
90 88 126
90 92 168
90 93 63
90 94 100
90 95 132
90 97 28
90 98 118
90 99 106
91 1 32
91 3 100
91 4 187
91 7 149
91 9 104
91 10 78
91 11 113
91 12 89
91 14 196
91 15 162
91 17 183
91 19 13
91 20 33
91 21 53
91 22 82
91 23 89
91 24 79
91 26 72
91 27 44
91 28 106
91 30 130
91 31 136
91 33 52
91 36 82
91 37 16
91 38 126
91 39 60
91 41 38
91 42 150
91 43 56
91 44 180
91 46 123
91 47 14
91 48 132
91 49 94
91 50 135
91 51 116
91 53 52
91 56 175
91 57 171
91 58 76
91 59 138
91 60 63
91 61 174
91 63 179
91 65 99
91 66 155
91 67 116
91 68 153
91 69 172
91 72 157
91 73 105
91 75 108
91 78 43
91 79 170
91 80 86
91 81 18
91 82 116
91 84 3
91 85 150
91 86 36
91 87 29
91 88 41
91 92 180
91 93 112
91 94 87
91 95 179
91 96 159
91 97 91
91 98 60
91 99 14
92 2 42
92 3 23
92 4 37
92 5 76
92 6 179
92 8 64
92 11 176
92 15 163
92 17 109
92 18 53
92 19 111
92 20 109
92 21 176
92 22 114
92 23 51
92 24 16
92 25 197
92 27 165
92 28 119
92 29 112
92 30 16
92 31 113
92 32 149
92 33 114
92 35 50
92 36 30
92 39 9
92 40 84
92 41 60
92 42 124
92 43 136
92 47 72
92 48 78
92 50 72
92 51 18
92 52 167
92 53 172
92 55 1
92 56 124
92 59 178
92 60 97
92 62 128
92 63 23
92 66 168
92 67 4
92 68 122
92 70 175
92 71 170
92 72 166
92 73 33
92 74 180
92 75 125
92 76 153
92 77 162
92 78 196
92 79 17
92 80 38
92 81 154
92 83 100
92 85 197
92 88 107
92 90 168
92 91 180
92 93 101
92 94 183
92 95 145
92 96 176
92 97 51
92 99 18
93 1 155
93 2 134
93 3 161
93 5 16
93 6 168
93 7 87
93 8 189
93 11 194
93 12 14
93 13 19
93 14 116
93 15 196
93 17 133
93 18 57
93 19 7
93 20 155
93 21 49
93 22 92
93 24 46
93 25 5
93 26 106
93 27 97
93 28 17
93 29 70
93 30 156
93 31 100
93 32 115
93 33 197
93 34 198
93 35 30
93 36 122
93 37 161
93 39 191
93 41 118
93 42 47
93 43 37
93 44 59
93 46 109
93 47 6
93 48 104
93 49 95
93 50 2
93 51 96
93 52 29
93 53 190
93 56 49
93 58 135
93 59 199
93 60 112
93 63 29
93 65 189
93 66 190
93 68 127
93 69 38
93 70 46
93 71 187
93 72 163
93 73 167
93 74 137
93 76 98
93 78 164
93 79 84
93 80 28
93 81 181
93 82 125
93 83 43
93 84 158
93 86 146
93 87 116
93 88 157
93 89 155
93 90 63
93 91 112
93 92 101
93 94 157
93 95 23
93 96 49
93 97 164
93 99 12
94 1 26
94 2 63
94 3 47
94 5 98
94 7 145
94 8 114
94 9 186
94 10 33
94 13 114
94 18 20
94 19 197
94 21 40
94 22 47
94 24 21
94 25 127
94 26 169
94 27 195
94 28 188
94 29 195
94 30 31
94 31 181
94 32 17
94 33 2
94 34 180
94 35 170
94 37 195
94 39 121
94 41 38
94 42 13
94 43 109
94 44 194
94 45 31
94 46 179
94 47 101
94 48 38
94 49 112
94 51 167
94 52 25
94 53 5
94 56 168
94 57 194
94 59 98
94 64 124
94 65 88
94 66 143
94 67 159
94 70 129
94 71 172
94 72 36
94 74 154
94 76 171
94 77 198
94 78 114
94 79 40
94 80 30
94 82 38
94 83 56
94 84 88
94 85 133
94 86 174
94 87 127
94 88 140
94 89 173
94 90 100
94 91 87
94 92 183
94 93 157
94 95 52
94 96 78
94 97 148
94 98 192
95 1 48
95 2 131
95 3 112
95 5 40
95 9 25
95 10 167
95 11 34
95 12 197
95 13 113
95 14 117
95 16 125
95 17 30
95 18 92
95 19 191
95 20 122
95 21 170
95 22 95
95 24 107
95 25 98
95 27 156
95 28 178
95 32 87
95 34 31
95 35 78
95 36 138
95 37 114
95 38 21
95 40 138
95 42 156
95 43 122
95 44 183
95 45 67
95 47 141
95 48 105
95 49 86
95 50 23
95 51 61
95 52 42
95 53 57
95 54 146
95 56 84
95 57 191
95 58 24
95 60 76
95 61 84
95 62 2
95 64 113
95 65 81
95 66 4
95 67 184
95 68 21
95 69 92
95 70 153
95 71 66
95 72 52
95 74 154
95 75 121
95 76 141
95 78 12
95 79 66
95 80 67
95 81 145
95 82 168
95 84 135
95 85 12
95 86 24
95 88 195
95 89 5
95 90 132
95 91 179
95 92 145
95 93 23
95 94 52
95 97 27
95 99 176
96 2 149
96 3 170
96 4 150
96 6 120
96 7 70
96 8 25
96 9 164
96 11 28
96 12 130
96 13 40
96 14 1
96 15 193
96 16 122
96 17 147
96 18 1
96 21 122
96 22 116
96 23 150
96 24 103
96 25 9
96 26 187
96 27 41
96 28 121
96 29 192
96 30 54
96 31 146
96 32 147
96 33 114
96 34 33
96 35 77
96 36 30
96 37 99
96 38 48
96 40 107
96 41 190
96 42 3
96 45 145
96 46 4
96 47 49
96 48 174
96 50 142
96 52 90
96 54 89
96 55 39
96 56 93
96 57 170
96 58 40
96 59 151
96 60 106
96 62 167
96 63 117
96 64 41
96 65 70
96 66 106
96 67 17
96 68 143
96 70 130
96 71 154
96 72 31
96 73 30
96 74 195
96 75 72
96 76 150
96 77 115
96 78 89
96 79 60
96 82 197
96 83 143
96 84 138
96 85 82
96 87 119
96 89 31
96 91 159
96 92 176
96 93 49
96 94 78
96 97 173
96 98 131
97 2 49
97 5 181
97 6 24
97 7 126
97 8 84
97 9 107
97 10 77
97 11 2
97 12 84
97 13 185
97 15 20
97 16 3
97 17 20
97 18 125
97 20 121
97 21 163
97 22 14
97 24 31
97 25 75
97 26 59
97 27 98
97 28 162
97 29 80
97 30 189
97 32 132
97 33 120
97 34 87
97 35 132
97 36 76
97 37 76
97 39 16
97 40 37
97 43 124
97 45 139
97 46 81
97 47 47
97 48 72
97 49 147
97 50 2
97 51 167
97 53 31
97 54 83
97 55 46
97 56 184
97 58 5
97 60 194
97 62 151
97 63 69
97 64 105
97 65 143
97 66 195
97 68 160
97 69 150
97 70 40
97 71 38
97 72 58
97 73 154
97 74 150
97 75 187
97 76 119
97 77 79
97 78 127
97 79 96
97 80 45
97 82 156
97 83 168
97 84 55
97 85 8
97 86 149
97 87 77
97 89 94
97 90 28
97 91 91
97 92 51
97 93 164
97 94 148
97 95 27
97 96 173
97 99 23
98 3 95
98 4 93
98 5 48
98 6 52
98 7 132
98 8 127
98 9 20
98 10 76
98 13 37
98 15 168
98 16 135
98 17 89
98 18 27
98 19 24
98 22 116
98 23 200
98 24 59
98 26 85
98 27 171
98 28 173
98 29 58
98 30 12
98 31 170
98 32 93
98 33 81
98 34 183
98 35 79
98 36 55
98 37 151
98 38 99
98 39 190
98 40 136
98 42 196
98 43 56
98 44 11
98 45 34
98 47 21
98 49 87
98 50 92
98 53 12
98 56 61
98 57 12
98 58 65
98 60 88
98 61 87
98 66 169
98 67 49
98 68 169
98 69 44
98 70 127
98 72 149
98 73 163
98 74 65
98 76 138
98 77 94
98 78 141
98 79 131
98 80 157
98 81 138
98 83 123
98 85 108
98 86 18
98 87 54
98 88 165
98 90 118
98 91 60
98 94 192
98 96 131
98 99 41
1 t 165
3 t 113
4 t 17
5 t 189
10 t 192
11 t 100
12 t 138
13 t 44
15 t 75
16 t 119
17 t 108
18 t 128
21 t 148
22 t 166
23 t 195
24 t 54
25 t 3
26 t 2
28 t 33
29 t 54
30 t 131
31 t 127
32 t 178
33 t 155
34 t 60
35 t 105
36 t 130
37 t 173
38 t 71
39 t 130
40 t 168
41 t 52
42 t 117
43 t 170
46 t 5
47 t 156
48 t 106
49 t 87
51 t 125
52 t 40
54 t 78
56 t 57
57 t 140
58 t 143
60 t 55
61 t 179
62 t 106
63 t 109
64 t 54
65 t 145
66 t 195
67 t 194
68 t 135
69 t 44
70 t 52
71 t 98
72 t 19
73 t 113
74 t 179
75 t 103
76 t 78
77 t 93
79 t 138
82 t 180
84 t 200
85 t 189
86 t 148
87 t 91
88 t 70
89 t 79
90 t 106
91 t 14
92 t 18
93 t 12
95 t 176
97 t 23
98 t 41
