s 2 123
s 4 7
s 5 101
s 6 108
s 7 65
s 8 139
s 11 141
s 12 82
s 13 6
s 14 31
s 16 48
s 17 53
s 18 78
s 21 82
s 24 37
s 25 121
s 27 95
s 29 8
s 30 193
s 32 187
s 34 140
s 35 133
s 37 12
s 39 30
s 40 36
s 41 178
s 43 132
s 44 197
s 45 9
s 46 132
s 47 191
s 48 60
s 50 54
s 52 5
s 53 77
s 55 20
s 56 138
s 57 90
s 59 12
s 63 28
s 64 143
s 65 134
s 66 116
s 69 169
s 71 131
s 72 29
s 73 108
s 74 182
s 76 97
s 77 158
s 78 117
s 82 181
s 83 106
s 85 33
s 88 152
s 89 90
s 90 188
s 92 156
s 93 9
s 94 196
s 95 64
s 96 61
s 97 59
s 98 20
s 99 155
1 4 16
1 6 9
1 7 191
1 8 132
1 9 47
1 10 48
1 11 115
1 12 125
1 16 9
1 18 132
1 19 81
1 21 172
1 22 44
1 23 21
1 24 77
1 25 171
1 27 193
1 29 135
1 32 123
1 33 78
1 34 13
1 35 166
1 37 119
1 39 63
1 40 136
1 41 187
1 42 63
1 43 28
1 46 114
1 47 35
1 49 35
1 50 31
1 51 185
1 52 55
1 53 162
1 55 47
1 56 15
1 58 27
1 59 119
1 60 44
1 61 62
1 62 73
1 63 121
1 64 36
1 65 154
1 66 14
1 67 182
1 68 99
1 71 80
1 72 184
1 76 19
1 77 62
1 78 112
1 79 149
1 81 89
1 82 183
1 84 60
1 85 7
1 86 156
1 88 189
1 89 62
1 90 66
1 92 183
1 94 182
1 95 90
1 96 122
1 97 157
2 3 90
2 5 155
2 6 62
2 7 94
2 8 156
2 10 39
2 11 25
2 12 90
2 14 73
2 15 89
2 16 86
2 19 117
2 22 48
2 23 164
2 25 139
2 26 154
2 27 136
2 29 15
2 31 130
2 32 106
2 33 129
2 34 14
2 35 23
2 37 38
2 39 31
2 40 154
2 41 78
2 43 166
2 45 146
2 46 3
2 47 100
2 48 183
2 49 46
2 50 165
2 51 23
2 52 92
2 53 193
2 54 190
2 55 80
2 56 78
2 57 26
2 58 160
2 59 83
2 61 69
2 63 152
2 66 197
2 69 80
2 71 103
2 73 69
2 76 115
2 78 79
2 80 185
2 81 141
2 82 47
2 83 29
2 84 5
2 86 60
2 88 84
2 89 83
2 90 4
2 91 66
2 92 14
2 96 178
2 97 48
2 99 52
3 2 90
3 5 93
3 6 61
3 7 26
3 9 168
3 12 72
3 13 101
3 14 121
3 16 78
3 17 153
3 18 150
3 20 21
3 21 158
3 22 164
3 23 46
3 24 11
3 25 90
3 26 96
3 27 27
3 28 39
3 29 14
3 30 196
3 31 180
3 32 125
3 34 31
3 36 146
3 38 142
3 40 165
3 41 148
3 42 175
3 43 49
3 44 106
3 45 38
3 46 21
3 47 50
3 48 60
3 49 166
3 50 173
3 52 95
3 53 200
3 55 65
3 57 27
3 58 43
3 59 49
3 62 32
3 63 52
3 64 139
3 65 156
3 67 58
3 68 137
3 69 123
3 70 176
3 71 119
3 72 135
3 75 4
3 76 54
3 78 39
3 79 131
3 80 150
3 81 49
3 82 24
3 83 64
3 85 72
3 86 94
3 91 81
3 93 114
3 95 56
3 96 78
3 97 26
4 1 16
4 7 120
4 8 90
4 10 107
4 11 131
4 13 16
4 15 2
4 16 60
4 19 68
4 20 7
4 21 11
4 22 33
4 23 71
4 25 54
4 26 27
4 27 79
4 28 30
4 29 97
4 30 61
4 31 12
4 32 7
4 35 102
4 37 141
4 38 199
4 40 80
4 41 113
4 43 118
4 44 102
4 45 116
4 46 99
4 48 25
4 50 60
4 51 156
4 52 183
4 54 56
4 55 115
4 57 34
4 58 122
4 59 121
4 60 84
4 61 48
4 63 92
4 66 19
4 67 40
4 69 41
4 73 24
4 74 154
4 77 13
4 78 182
4 79 79
4 80 142
4 83 13
4 86 1
4 88 10
4 89 155
4 90 196
4 91 33
4 93 48
4 95 56
4 96 146
5 2 155
5 3 93
5 8 25
5 9 27
5 10 132
5 11 23
5 13 186
5 15 48
5 16 141
5 17 104
5 18 39
5 22 110
5 23 117
5 24 46
5 25 52
5 26 156
5 27 28
5 28 51
5 29 194
5 31 91
5 32 62
5 33 132
5 34 6
5 35 146
5 37 111
5 38 2
5 40 71
5 41 94
5 43 105
5 44 170
5 45 60
5 46 121
5 47 136
5 48 141
5 49 60
5 50 159
5 51 115
5 52 147
5 56 94
5 57 185
5 58 143
5 61 105
5 62 38
5 63 182
5 64 4
5 66 108
5 67 81
5 68 150
5 69 100
5 71 140
5 73 9
5 76 126
5 77 85
5 80 41
5 83 122
5 84 55
5 85 25
5 88 131
5 89 113
5 90 47
5 94 105
5 96 128
5 97 131
5 98 159
5 99 53
6 1 9
6 2 62
6 3 61
6 7 19
6 9 92
6 11 18
6 12 82
6 13 99
6 14 78
6 15 121
6 16 137
6 19 190
6 20 96
6 21 128
6 22 145
6 23 29
6 25 52
6 27 82
6 28 79
6 29 175
6 31 93
6 32 38
6 34 18
6 35 78
6 37 45
6 38 148
6 39 58
6 41 93
6 44 60
6 45 69
6 46 18
6 47 145
6 48 4
6 49 181
6 50 179
6 51 95
6 52 1
6 53 95
6 54 92
6 55 167
6 56 162
6 57 97
6 59 110
6 60 17
6 61 93
6 62 47
6 63 52
6 64 125
6 66 36
6 67 4
6 68 42
6 69 128
6 71 49
6 72 178
6 73 127
6 74 12
6 75 91
6 76 42
6 81 124
6 82 58
6 83 81
6 87 139
6 90 125
6 91 147
6 92 193
6 93 3
6 94 139
6 95 189
6 97 42
6 98 45
6 99 83
7 1 191
7 2 94
7 3 26
7 4 120
7 6 19
7 8 129
7 10 80
7 11 154
7 12 88
7 15 91
7 16 82
7 17 146
7 19 125
7 21 148
7 24 164
7 26 55
7 28 156
7 30 116
7 31 151
7 32 165
7 34 160
7 36 159
7 37 18
7 39 161
7 40 80
7 41 192
7 42 77
7 43 27
7 44 29
7 45 124
7 46 104
7 47 122
7 48 38
7 49 125
7 50 39
7 51 137
7 52 140
7 53 70
7 54 10
7 55 118
7 57 173
7 59 21
7 60 120
7 62 62
7 63 19
7 65 73
7 66 82
7 67 174
7 69 32
7 72 147
7 74 188
7 75 126
7 76 117
7 78 143
7 79 37
7 80 27
7 81 11
7 82 95
7 83 33
7 84 141
7 85 184
7 86 18
7 93 15
7 94 159
7 96 28
7 97 74
7 98 29
7 99 118
8 1 132
8 2 156
8 4 90
8 5 25
8 7 129
8 9 142
8 10 191
8 12 89
8 13 166
8 14 94
8 16 169
8 17 171
8 18 73
8 19 70
8 20 184
8 21 141
8 25 169
8 27 55
8 28 30
8 29 154
8 30 35
8 31 167
8 32 123
8 33 57
8 34 186
8 35 42
8 37 120
8 38 163
8 41 168
8 43 88
8 44 3
8 45 101
8 46 58
8 49 51
8 50 123
8 52 14
8 54 54
8 55 180
8 56 117
8 58 9
8 59 55
8 60 62
8 61 194
8 62 173
8 63 167
8 64 16
8 65 158
8 66 69
8 69 111
8 71 30
8 72 55
8 73 20
8 74 48
8 75 75
8 76 91
8 77 108
8 78 180
8 79 191
8 80 131
8 84 148
8 85 48
8 86 12
8 89 45
8 90 136
8 91 164
8 92 151
8 94 160
8 96 53
8 97 83
8 98 156
8 99 161
9 1 47
9 3 168
9 5 27
9 6 92
9 8 142
9 10 141
9 11 61
9 13 61
9 15 108
9 16 67
9 17 199
9 20 96
9 21 55
9 22 91
9 23 19
9 24 178
9 25 32
9 26 165
9 27 113
9 30 137
9 31 76
9 32 183
9 33 178
9 34 197
9 35 189
9 36 14
9 39 61
9 41 196
9 43 102
9 45 108
9 46 168
9 49 190
9 50 56
9 52 121
9 53 189
9 54 154
9 55 91
9 56 135
9 57 82
9 58 125
9 59 111
9 60 164
9 61 78
9 62 33
9 63 94
9 65 87
9 67 79
9 68 99
9 70 164
9 71 151
9 72 126
9 73 2
9 74 120
9 75 166
9 76 144
9 79 6
9 80 184
9 81 76
9 82 196
9 83 192
9 84 116
9 85 133
9 88 2
9 89 65
9 91 29
9 92 95
9 93 29
9 95 168
9 96 107
9 98 38
10 1 48
10 2 39
10 4 107
10 5 132
10 7 80
10 8 191
10 9 141
10 12 186
10 13 93
10 15 34
10 17 143
10 19 81
10 21 105
10 22 199
10 23 74
10 24 15
10 25 78
10 26 94
10 28 60
10 29 156
10 30 149
10 31 64
10 32 64
10 33 101
10 34 81
10 35 144
10 36 39
10 37 153
10 38 101
10 40 200
10 44 67
10 45 62
10 46 173
10 48 157
10 49 96
10 51 139
10 52 75
10 53 35
10 55 82
10 56 176
10 57 83
10 58 185
10 59 192
10 61 16
10 62 80
10 63 147
10 64 196
10 65 148
10 69 138
10 73 33
10 74 41
10 76 136
10 80 59
10 81 23
10 83 162
10 85 34
10 86 5
10 87 179
10 88 174
10 90 67
10 92 19
10 94 17
10 96 49
10 97 43
10 98 15
10 99 166
11 1 115
11 2 25
11 4 131
11 5 23
11 6 18
11 7 154
11 9 61
11 14 185
11 15 19
11 16 17
11 17 9
11 18 10
11 20 197
11 22 12
11 23 15
11 25 55
11 26 153
11 27 81
11 30 138
11 31 154
11 32 75
11 33 101
11 35 179
11 36 20
11 38 100
11 39 126
11 40 106
11 41 149
11 42 97
11 43 51
11 44 192
11 48 69
11 49 110
11 50 162
11 51 121
11 52 7
11 55 92
11 57 12
11 58 72
11 59 45
11 60 139
11 61 188
11 62 80
11 63 193
11 66 159
11 67 19
11 68 83
11 74 144
11 75 168
11 77 178
11 78 67
11 79 155
11 80 151
11 83 58
11 88 125
11 89 147
11 91 170
11 92 107
11 95 94
11 96 173
11 98 105
11 99 53
12 1 125
12 2 90
12 3 72
12 6 82
12 7 88
12 8 89
12 10 186
12 13 196
12 14 149
12 16 41
12 17 171
12 18 101
12 22 99
12 23 21
12 24 156
12 25 91
12 26 101
12 27 83
12 29 134
12 32 71
12 33 45
12 36 124
12 37 172
12 39 129
12 44 29
12 45 12
12 46 132
12 47 45
12 48 32
12 49 34
12 50 129
12 51 5
12 52 172
12 53 30
12 54 131
12 56 16
12 58 79
12 59 4
12 60 114
12 64 53
12 65 152
12 68 159
12 70 111
12 71 180
12 73 125
12 74 190
12 76 150
12 77 53
12 78 126
12 80 46
12 82 26
12 84 13
12 85 70
12 86 183
12 87 16
12 90 198
12 91 180
12 92 106
12 93 54
12 94 80
12 97 50
12 99 182
13 3 101
13 4 16
13 5 186
13 6 99
13 8 166
13 9 61
13 10 93
13 12 196
13 14 174
13 15 41
13 16 15
13 17 176
13 18 141
13 22 37
13 23 21
13 28 66
13 29 182
13 31 145
13 33 136
13 35 113
13 37 45
13 39 176
13 40 162
13 41 124
13 43 38
13 44 79
13 45 30
13 46 142
13 47 61
13 48 153
13 49 10
13 50 79
13 51 20
13 53 136
13 54 174
13 55 199
13 57 68
13 58 155
13 59 68
13 60 181
13 61 98
13 64 68
13 65 104
13 66 33
13 67 44
13 68 162
13 70 53
13 71 175
13 72 41
13 73 98
13 74 176
13 77 90
13 80 137
13 81 93
13 82 82
13 84 158
13 85 106
13 86 125
13 87 151
13 88 7
13 89 97
13 90 28
13 91 94
13 92 32
13 94 135
13 95 105
13 96 181
13 98 91
13 99 92
14 2 73
14 3 121
14 6 78
14 8 94
14 11 185
14 12 149
14 13 174
14 15 38
14 16 29
14 19 137
14 20 138
14 21 23
14 23 174
14 24 189
14 26 166
14 27 107
14 28 157
14 29 19
14 30 81
14 32 47
14 33 22
14 34 161
14 35 173
14 38 164
14 41 11
14 43 129
14 44 165
14 45 91
14 46 70
14 47 47
14 48 60
14 49 191
14 50 184
14 53 86
14 56 162
14 58 170
14 62 87
14 64 189
14 65 132
14 66 193
14 69 155
14 71 141
14 72 66
14 74 22
14 76 43
14 77 39
14 78 21
14 79 105
14 81 102
14 82 99
14 84 137
14 87 91
14 88 174
14 89 143
14 90 75
14 92 22
14 94 77
14 95 20
14 96 70
14 97 108
14 98 156
15 2 89
15 4 2
15 5 48
15 6 121
15 7 91
15 9 108
15 10 34
15 11 19
15 13 41
15 14 38
15 17 82
15 18 151
15 19 62
15 20 129
15 22 181
15 23 182
15 24 169
15 25 51
15 26 182
15 28 51
15 33 142
15 34 152
15 36 134
15 38 197
15 39 37
15 40 102
15 46 52
15 47 9
15 48 138
15 50 164
15 51 16
15 53 198
15 56 121
15 58 21
15 60 116
15 62 161
15 64 50
15 65 158
15 66 193
15 67 110
15 68 156
15 69 152
15 71 15
15 72 180
15 74 144
15 75 50
15 76 124
15 78 55
15 80 171
15 82 13
15 84 179
15 85 109
15 86 129
15 87 36
15 89 151
15 90 150
15 91 9
15 92 18
15 93 121
15 94 52
15 96 111
15 97 182
15 99 198
16 1 9
16 2 86
16 3 78
16 4 60
16 5 141
16 6 137
16 7 82
16 8 169
16 9 67
16 11 17
16 12 41
16 13 15
16 14 29
16 17 189
16 21 28
16 23 45
16 24 141
16 25 145
16 28 61
16 29 66
16 30 45
16 31 31
16 32 136
16 33 45
16 34 91
16 35 110
16 36 24
16 38 136
16 40 92
16 41 123
16 42 158
16 44 87
16 45 117
16 46 75
16 48 16
16 49 61
16 51 18
16 52 82
16 53 97
16 54 62
16 55 169
16 58 103
16 60 121
16 61 107
16 63 182
16 64 64
16 67 137
16 68 17
16 69 128
16 70 65
16 72 5
16 73 121
16 74 72
16 76 23
16 77 111
16 78 23
16 79 74
16 80 191
16 84 186
16 86 51
16 89 58
16 90 12
16 91 36
16 93 11
16 94 72
16 95 141
16 97 160
16 98 178
16 99 16
17 3 153
17 5 104
17 7 146
17 8 171
17 9 199
17 10 143
17 11 9
17 12 171
17 13 176
17 15 82
17 16 189
17 19 79
17 20 165
17 21 185
17 25 151
17 26 87
17 27 113
17 29 37
17 30 175
17 32 83
17 33 125
17 35 162
17 40 170
17 41 176
17 42 187
17 45 9
17 46 162
17 47 41
17 48 44
17 49 134
17 52 128
17 53 88
17 54 155
17 56 119
17 57 107
17 58 124
17 61 150
17 63 39
17 66 124
17 69 140
17 72 23
17 73 161
17 74 192
17 79 190
17 80 148
17 82 147
17 83 70
17 85 101
17 86 80
17 88 140
17 89 71
17 90 3
17 91 135
17 92 104
17 93 99
17 94 93
17 97 157
17 98 151
17 99 130
18 1 132
18 3 150
18 5 39
18 8 73
18 11 10
18 12 101
18 13 141
18 15 151
18 19 4
18 20 8
18 21 90
18 23 197
18 24 173
18 25 73
18 26 56
18 27 126
18 28 38
18 31 88
18 32 176
18 33 188
18 34 38
18 35 28
18 37 187
18 38 101
18 39 188
18 40 112
18 41 62
18 43 134
18 44 190
18 46 145
18 47 196
18 48 104
18 49 23
18 50 61
18 52 70
18 54 5
18 56 127
18 57 80
18 62 184
18 63 2
18 64 131
18 65 197
18 66 34
18 68 95
18 70 69
18 72 32
18 73 147
18 74 7
18 75 160
18 76 107
18 78 22
18 79 67
18 80 145
18 81 121
18 82 87
18 83 6
18 84 109
18 85 145
18 86 177
18 88 67
18 89 67
18 91 107
18 96 166
18 99 109
19 1 81
19 2 117
19 4 68
19 6 190
19 7 125
19 8 70
19 10 81
19 14 137
19 15 62
19 17 79
19 18 4
19 21 125
19 22 131
19 23 129
19 24 109
19 29 85
19 31 159
19 32 82
19 33 82
19 34 193
19 35 80
19 37 24
19 38 181
19 40 69
19 41 196
19 42 15
19 44 13
19 45 33
19 46 38
19 48 116
19 49 55
19 51 40
19 52 8
19 53 125
19 54 154
19 55 93
19 57 143
19 59 194
19 60 183
19 62 38
19 66 1
19 69 97
19 70 173
19 71 153
19 72 129
19 73 121
19 74 100
19 76 105
19 77 125
19 78 136
19 79 58
19 80 185
19 81 200
19 82 27
19 83 187
19 84 69
19 85 162
19 86 152
19 87 69
19 89 6
19 90 117
19 91 65
19 92 148
19 94 136
19 95 93
19 97 61
19 98 67
19 99 150
20 3 21
20 4 7
20 6 96
20 8 184
20 9 96
20 11 197
20 14 138
20 15 129
20 17 165
20 18 8
20 21 54
20 22 10
20 23 109
20 24 20
20 25 60
20 26 76
20 27 126
20 28 167
20 29 94
20 31 199
20 32 55
20 33 97
20 34 121
20 35 28
20 39 159
20 40 157
20 41 171
20 43 11
20 44 4
20 45 140
20 46 74
20 48 119
20 52 179
20 53 179
20 54 101
20 57 120
20 59 44
20 60 66
20 62 48
20 65 96
20 67 125
20 68 86
20 69 165
20 70 128
20 71 61
20 73 137
20 74 157
20 75 29
20 76 160
20 78 29
20 79 61
20 80 150
20 81 61
20 82 136
20 83 42
20 84 114
20 85 124
20 88 132
20 89 147
20 90 49
20 91 7
20 92 199
20 96 30
20 98 3
20 99 162
21 1 172
21 3 158
21 4 11
21 6 128
21 7 148
21 8 141
21 9 55
21 10 105
21 14 23
21 16 28
21 17 185
21 18 90
21 19 125
21 20 54
21 22 134
21 23 103
21 24 34
21 25 84
21 28 155
21 29 111
21 32 88
21 33 128
21 34 134
21 36 106
21 37 143
21 39 20
21 41 189
21 42 153
21 43 144
21 44 177
21 46 163
21 47 159
21 48 80
21 49 98
21 51 44
21 52 108
21 55 50
21 56 81
21 58 195
21 59 48
21 60 151
21 62 40
21 63 61
21 65 190
21 66 99
21 70 154
21 71 96
21 72 68
21 73 124
21 74 99
21 76 17
21 77 26
21 78 137
21 80 18
21 81 77
21 82 160
21 84 197
21 85 149
21 86 89
21 88 80
21 93 181
21 95 88
22 1 44
22 2 48
22 3 164
22 4 33
22 5 110
22 6 145
22 9 91
22 10 199
22 11 12
22 12 99
22 13 37
22 15 181
22 19 131
22 20 10
22 21 134
22 23 94
22 24 91
22 25 156
22 27 129
22 28 96
22 29 175
22 30 88
22 33 29
22 34 42
22 35 71
22 36 144
22 37 131
22 38 37
22 39 10
22 42 23
22 44 53
22 46 87
22 47 157
22 48 89
22 50 121
22 52 162
22 53 106
22 54 42
22 55 94
22 56 57
22 58 35
22 59 140
22 60 139
22 61 41
22 62 140
22 63 174
22 64 54
22 65 67
22 67 124
22 69 125
22 72 38
22 74 183
22 75 192
22 76 100
22 77 94
22 78 109
22 80 117
22 81 99
22 84 48
22 85 37
22 86 114
22 87 89
22 88 164
22 91 146
22 92 59
22 93 29
22 94 49
22 96 174
22 97 152
22 99 196
23 1 21
23 2 164
23 3 46
23 4 71
23 5 117
23 6 29
23 9 19
23 10 74
23 11 15
23 12 21
23 13 21
23 14 174
23 15 182
23 16 45
23 18 197
23 19 129
23 20 109
23 21 103
23 22 94
23 25 50
23 27 152
23 28 39
23 30 25
23 31 136
23 32 1
23 33 109
23 38 96
23 42 140
23 46 92
23 48 42
23 49 94
23 53 151
23 55 156
23 56 1
23 57 22
23 58 188
23 59 161
23 60 188
23 61 79
23 63 154
23 65 51
23 66 58
23 67 33
23 70 46
23 71 152
23 72 66
23 73 117
23 75 68
23 76 91
23 78 119
23 79 30
23 81 186
23 82 43
23 86 7
23 88 80
23 89 180
23 90 12
23 92 192
23 93 190
23 94 147
23 96 140
23 97 36
24 1 77
24 3 11
24 5 46
24 7 164
24 9 178
24 10 15
24 12 156
24 14 189
24 15 169
24 16 141
24 18 173
24 19 109
24 20 20
24 21 34
24 22 91
24 25 67
24 27 146
24 28 78
24 30 155
24 31 34
24 32 109
24 33 174
24 35 197
24 36 171
24 38 91
24 40 147
24 42 108
24 44 98
24 45 156
24 46 17
24 48 60
24 51 34
24 52 38
24 53 179
24 55 127
24 56 94
24 58 10
24 59 129
24 60 46
24 61 191
24 62 81
24 63 134
24 64 128
24 65 63
24 66 193
24 68 59
24 69 31
24 70 158
24 73 69
24 74 162
24 75 9
24 78 73
24 79 131
24 80 181
24 81 31
24 82 91
24 84 97
24 87 73
24 88 146
24 91 150
24 92 148
24 98 16
24 99 75
25 1 171
25 2 139
25 3 90
25 4 54
25 5 52
25 6 52
25 8 169
25 9 32
25 10 78
25 11 55
25 12 91
25 15 51
25 16 145
25 17 151
25 18 73
25 20 60
25 21 84
25 22 156
25 23 50
25 24 67
25 26 186
25 27 182
25 31 125
25 32 154
25 33 54
25 34 118
25 36 64
25 38 15
25 40 136
25 41 178
25 44 16
25 45 124
25 46 119
25 48 123
25 49 190
25 50 163
25 52 175
25 55 161
25 56 157
25 57 164
25 58 51
25 59 49
25 60 185
25 64 89
25 66 183
25 68 90
25 70 68
25 72 29
25 73 10
25 74 156
25 75 18
25 76 41
25 77 27
25 79 68
25 80 106
25 81 85
25 82 144
25 83 95
25 85 108
25 86 84
25 88 186
25 89 129
25 91 76
25 92 49
25 93 165
25 98 16
25 99 142
26 2 154
26 3 96
26 4 27
26 5 156
26 7 55
26 9 165
26 10 94
26 11 153
26 12 101
26 14 166
26 15 182
26 17 87
26 18 56
26 20 76
26 25 186
26 28 135
26 29 49
26 31 157
26 32 168
26 33 44
26 34 200
26 36 179
26 37 132
26 38 140
26 39 6
26 43 129
26 45 55
26 46 105
26 47 21
26 48 189
26 49 173
26 50 114
26 52 140
26 53 78
26 56 95
26 57 5
26 58 79
26 59 109
26 60 54
26 63 36
26 64 143
26 65 81
26 67 150
26 68 158
26 70 79
26 71 193
26 74 174
26 75 127
26 76 16
26 79 10
26 80 37
26 82 49
26 83 51
26 85 66
26 86 196
26 88 13
26 89 129
26 90 164
26 92 65
26 93 12
26 94 150
26 95 31
26 96 125
27 1 193
27 2 136
27 3 27
27 4 79
27 5 28
27 6 82
27 8 55
27 9 113
27 11 81
27 12 83
27 14 107
27 17 113
27 18 126
27 20 126
27 22 129
27 23 152
27 24 146
27 25 182
27 31 41
27 32 57
27 33 143
27 35 54
27 36 159
27 37 123
27 38 6
27 40 29
27 41 65
27 43 188
27 44 192
27 45 73
27 46 176
27 47 9
27 48 1
27 49 184
27 51 147
27 53 162
27 54 181
27 55 168
27 57 185
27 58 102
27 59 154
27 67 17
27 68 96
27 70 29
27 72 40
27 73 35
27 75 68
27 76 197
27 77 151
27 78 130
27 80 85
27 82 142
27 83 23
27 85 47
27 86 200
27 89 140
27 90 92
27 91 170
27 92 65
27 93 122
27 95 174
27 96 87
27 98 97
27 99 189
28 3 39
28 4 30
28 5 51
28 6 79
28 7 156
28 8 30
28 10 60
28 13 66
28 14 157
28 15 51
28 16 61
28 18 38
28 20 167
28 21 155
28 22 96
28 23 39
28 24 78
28 26 135
28 29 174
28 30 95
28 31 89
28 32 6
28 34 23
28 35 84
28 36 85
28 37 5
28 39 103
28 40 11
28 42 58
28 43 75
28 44 53
28 45 76
28 46 1
28 48 58
28 49 126
28 50 139
28 51 47
28 52 197
28 53 133
28 54 94
28 55 194
28 56 43
28 57 170
28 60 78
28 61 38
28 62 161
28 63 79
28 65 25
28 67 114
28 68 180
28 69 18
28 70 169
28 71 170
28 72 6
28 76 26
28 78 75
28 79 64
28 82 146
28 84 9
28 85 34
28 87 136
28 88 156
28 89 79
28 90 75
28 91 9
28 92 32
28 93 122
28 95 26
28 96 183
28 97 151
28 98 192
28 99 116
29 1 135
29 2 15
29 3 14
29 4 97
29 5 194
29 6 175
29 8 154
29 10 156
29 12 134
29 13 182
29 14 19
29 16 66
29 17 37
29 19 85
29 20 94
29 21 111
29 22 175
29 26 49
29 28 174
29 30 4
29 33 7
29 35 86
29 38 34
29 40 16
29 43 63
29 44 38
29 47 58
29 48 150
29 49 50
29 51 155
29 52 196
29 53 7
29 54 159
29 55 7
29 56 165
29 57 134
29 58 119
29 59 193
29 61 134
29 62 179
29 67 173
29 69 45
29 70 120
29 71 19
29 72 134
29 76 35
29 77 78
29 83 114
29 87 194
29 88 152
29 91 11
29 92 82
29 93 172
29 94 107
29 97 9
29 98 82
30 3 196
30 4 61
30 7 116
30 8 35
30 9 137
30 10 149
30 11 138
30 14 81
30 16 45
30 17 175
30 22 88
30 23 25
30 24 155
30 28 95
30 29 4
30 32 21
30 34 156
30 36 14
30 37 116
30 38 151
30 40 57
30 41 153
30 42 159
30 43 58
30 44 44
30 45 169
30 52 139
30 57 185
30 58 6
30 59 104
30 61 102
30 62 148
30 68 17
30 69 57
30 71 158
30 72 158
30 74 68
30 75 107
30 76 83
30 78 15
30 79 104
30 81 72
30 82 135
30 85 183
30 86 164
30 87 78
30 88 27
30 89 169
30 90 95
30 94 101
30 96 48
30 97 21
30 98 147
30 99 111
31 2 130
31 3 180
31 4 12
31 5 91
31 6 93
31 7 151
31 8 167
31 9 76
31 10 64
31 11 154
31 13 145
31 16 31
31 18 88
31 19 159
31 20 199
31 23 136
31 24 34
31 25 125
31 26 157
31 27 41
31 28 89
31 35 36
31 38 13
31 39 65
31 40 111
31 41 181
31 42 94
31 43 55
31 47 174
31 49 84
31 50 13
31 51 165
31 53 175
31 54 101
31 56 195
31 59 39
31 60 170
31 64 154
31 66 120
31 67 155
31 70 78
31 72 131
31 73 20
31 74 191
31 75 16
31 76 53
31 77 4
31 79 81
31 80 189
31 81 86
31 82 5
31 84 10
31 85 158
31 86 6
31 87 79
31 88 91
31 89 70
31 91 110
31 93 51
31 94 46
31 95 199
31 97 171
31 99 135
32 1 123
32 2 106
32 3 125
32 4 7
32 5 62
32 6 38
32 7 165
32 8 123
32 9 183
32 10 64
32 11 75
32 12 71
32 14 47
32 16 136
32 17 83
32 18 176
32 19 82
32 20 55
32 21 88
32 23 1
32 24 109
32 25 154
32 26 168
32 27 57
32 28 6
32 30 21
32 36 117
32 38 67
32 39 63
32 41 72
32 42 91
32 43 161
32 44 114
32 45 198
32 46 122
32 48 44
32 49 32
32 50 163
32 51 117
32 52 112
32 53 169
32 55 4
32 56 12
32 58 118
32 59 175
32 61 25
32 62 164
32 63 12
32 66 75
32 68 155
32 69 21
32 70 182
32 71 185
32 72 14
32 74 195
32 75 38
32 77 92
32 78 11
32 79 172
32 81 185
32 83 46
32 85 185
32 86 118
32 87 55
32 88 174
32 90 92
32 91 150
32 92 94
32 93 137
32 94 182
32 95 127
32 98 96
32 99 34
33 1 78
33 2 129
33 5 132
33 8 57
33 9 178
33 10 101
33 11 101
33 12 45
33 13 136
33 14 22
33 15 142
33 16 45
33 17 125
33 18 188
33 19 82
33 20 97
33 21 128
33 22 29
33 23 109
33 24 174
33 25 54
33 26 44
33 27 143
33 29 7
33 34 157
33 35 138
33 37 179
33 38 67
33 39 136
33 40 72
33 42 103
33 45 43
33 46 38
33 47 98
33 48 7
33 49 181
33 50 70
33 51 1
33 52 35
33 53 19
33 54 32
33 55 118
33 56 121
33 57 137
33 61 71
33 63 142
33 64 174
33 66 17
33 67 8
33 68 90
33 69 95
33 70 113
33 71 100
33 72 158
33 73 41
33 74 19
33 75 9
33 76 5
33 77 146
33 79 135
33 80 69
33 81 166
33 82 115
33 83 162
33 84 103
33 85 156
33 89 195
33 90 174
33 91 64
33 92 46
33 93 81
33 94 137
33 95 200
33 96 30
33 98 185
33 99 58
34 1 13
34 2 14
34 3 31
34 5 6
34 6 18
34 7 160
34 8 186
34 9 197
34 10 81
34 14 161
34 15 152
34 16 91
34 18 38
34 19 193
34 20 121
34 21 134
34 22 42
34 25 118
34 26 200
34 28 23
34 30 156
34 33 157
34 35 170
34 36 89
34 37 6
34 39 121
34 40 166
34 41 44
34 43 54
34 44 68
34 45 74
34 47 74
34 49 184
34 50 170
34 51 156
34 52 181
34 53 41
34 54 73
34 56 64
34 57 32
34 58 39
34 59 93
34 60 113
34 61 111
34 62 133
34 63 15
34 67 46
34 68 198
34 69 195
34 72 192
34 74 195
34 75 172
34 76 134
34 77 54
34 79 128
34 80 183
34 82 188
34 83 64
34 84 59
34 86 70
34 89 54
34 90 13
34 92 42
34 93 98
34 94 103
34 96 154
34 97 50
34 99 163
35 1 166
35 2 23
35 4 102
35 5 146
35 6 78
35 8 42
35 9 189
35 10 144
35 11 179
35 13 113
35 14 173
35 16 110
35 17 162
35 18 28
35 19 80
35 20 28
35 22 71
35 24 197
35 27 54
35 28 84
35 29 86
35 31 36
35 33 138
35 34 170
35 36 170
35 38 99
35 41 169
35 42 104
35 43 43
35 44 100
35 45 16
35 46 78
35 47 164
35 48 55
35 51 55
35 53 65
35 55 112
35 56 180
35 57 84
35 60 89
35 61 173
35 63 136
35 66 91
35 67 52
35 70 146
35 71 5
35 72 140
35 74 27
35 76 145
35 77 77
35 79 97
35 80 137
35 81 56
35 82 144
35 85 172
35 86 163
35 89 6
35 90 167
35 93 93
35 94 38
35 96 83
35 98 15
36 3 146
36 7 159
36 9 14
36 10 39
36 11 20
36 12 124
36 15 134
36 16 24
36 21 106
36 22 144
36 24 171
36 25 64
36 26 179
36 27 159
36 28 85
36 30 14
36 32 117
36 34 89
36 35 170
36 38 198
36 39 133
36 40 26
36 41 198
36 43 47
36 44 118
36 45 42
36 47 183
36 48 197
36 50 176
36 51 66
36 53 9
36 54 190
36 56 36
36 57 20
36 58 168
36 60 81
36 61 16
36 62 197
36 63 98
36 65 42
36 67 35
36 69 94
36 70 138
36 71 95
36 74 170
36 75 128
36 76 65
36 77 99
36 78 54
36 82 68
36 83 62
36 84 16
36 85 122
36 87 148
36 90 103
36 92 189
36 93 80
36 94 41
36 95 60
36 96 83
36 97 149
36 99 84
37 1 119
37 2 38
37 4 141
37 5 111
37 6 45
37 7 18
37 8 120
37 10 153
37 12 172
37 13 45
37 18 187
37 19 24
37 21 143
37 22 131
37 26 132
37 27 123
37 28 5
37 30 116
37 33 179
37 34 6
37 38 177
37 39 4
37 40 155
37 41 92
37 42 172
37 43 61
37 44 187
37 46 142
37 48 11
37 49 200
37 50 69
37 51 44
37 54 167
37 56 106
37 57 33
37 58 115
37 60 93
37 63 14
37 64 63
37 65 176
37 67 152
37 69 133
37 72 174
37 74 168
37 76 111
37 77 171
37 78 135
37 79 123
37 80 194
37 81 85
37 82 17
37 86 189
37 87 57
37 88 83
37 91 45
37 93 197
37 94 169
37 95 157
37 96 128
37 97 81
37 99 127
38 3 142
38 4 199
38 5 2
38 6 148
38 8 163
38 10 101
38 11 100
38 14 164
38 15 197
38 16 136
38 18 101
38 19 181
38 22 37
38 23 96
38 24 91
38 25 15
38 26 140
38 27 6
38 29 34
38 30 151
38 31 13
38 32 67
38 33 67
38 35 99
38 36 198
38 37 177
38 39 155
38 40 74
38 41 29
38 42 61
38 43 191
38 47 185
38 48 141
38 49 50
38 50 3
38 52 169
38 55 162
38 56 8
38 57 77
38 59 156
38 60 35
38 62 163
38 64 23
38 67 99
38 68 101
38 71 125
38 73 20
38 74 120
38 75 193
38 76 155
38 77 90
38 81 59
38 82 138
38 84 137
38 85 152
38 86 122
38 87 1
38 88 133
38 89 99
38 91 105
38 96 112
38 97 83
38 99 41
39 1 63
39 2 31
39 6 58
39 7 161
39 9 61
39 11 126
39 12 129
39 13 176
39 15 37
39 18 188
39 20 159
39 21 20
39 22 10
39 26 6
39 28 103
39 31 65
39 32 63
39 33 136
39 34 121
39 36 133
39 37 4
39 38 155
39 40 79
39 43 156
39 45 107
39 47 64
39 48 11
39 51 38
39 52 13
39 54 61
39 55 166
39 56 121
39 57 170
39 59 104
39 60 49
39 61 60
39 62 143
39 65 91
39 68 189
39 72 42
39 73 106
39 74 165
39 76 21
39 78 141
39 79 97
39 80 194
39 81 151
39 83 170
39 84 27
39 86 32
39 87 183
39 88 125
39 89 62
39 91 90
39 92 184
39 93 115
39 94 168
39 95 76
39 98 49
39 99 200
40 1 136
40 2 154
40 3 165
40 4 80
40 5 71
40 7 80
40 10 200
40 11 106
40 13 162
40 15 102
40 16 92
40 17 170
40 18 112
40 19 69
40 20 157
40 24 147
40 25 136
40 27 29
40 28 11
40 29 16
40 30 57
40 31 111
40 33 72
40 34 166
40 36 26
40 37 155
40 38 74
40 39 79
40 42 66
40 45 140
40 47 13
40 48 185
40 49 4
40 50 106
40 51 151
40 53 188
40 54 171
40 56 164
40 58 44
40 59 182
40 61 89
40 63 40
40 64 171
40 66 92
40 67 193
40 69 114
40 71 132
40 72 162
40 73 48
40 74 48
40 75 71
40 77 183
40 80 39
40 81 196
40 84 152
40 85 61
40 86 104
40 87 21
40 88 152
40 89 127
40 97 4
41 1 187
41 2 78
41 3 148
41 4 113
41 5 94
41 6 93
41 7 192
41 8 168
41 9 196
41 11 149
41 13 124
41 14 11
41 16 123
41 17 176
41 18 62
41 19 196
41 20 171
41 21 189
41 25 178
41 27 65
41 30 153
41 31 181
41 32 72
41 34 44
41 35 169
41 36 198
41 37 92
41 38 29
41 42 173
41 43 113
41 44 39
41 45 174
41 46 49
41 47 119
41 48 198
41 51 192
41 52 184
41 53 25
41 54 82
41 55 199
41 57 120
41 58 46
41 59 49
41 60 185
41 61 46
41 62 10
41 63 37
41 64 136
41 65 109
41 66 25
41 67 8
41 68 173
41 69 109
41 70 10
41 75 134
41 78 31
41 80 15
41 81 159
41 82 139
41 83 4
41 84 178
41 85 189
41 87 52
41 90 45
41 91 156
41 92 179
41 94 6
41 95 8
41 96 68
41 97 199
41 98 100
42 1 63
42 3 175
42 7 77
42 11 97
42 16 158
42 17 187
42 19 15
42 21 153
42 22 23
42 23 140
42 24 108
42 28 58
42 30 159
42 31 94
42 32 91
42 33 103
42 35 104
42 37 172
42 38 61
42 40 66
42 41 173
42 43 160
42 44 65
42 46 161
42 49 172
42 50 36
42 52 136
42 58 77
42 62 100
42 66 161
42 67 138
42 68 164
42 69 24
42 70 45
42 71 105
42 72 35
42 73 102
42 74 152
42 76 19
42 77 53
42 79 167
42 80 109
42 81 73
42 82 183
42 84 152
42 85 52
42 88 77
42 91 132
43 1 28
43 2 166
43 3 49
43 4 118
43 5 105
43 7 27
43 8 88
43 9 102
43 11 51
43 13 38
43 14 129
43 18 134
43 20 11
43 21 144
43 26 129
43 27 188
43 28 75
43 29 63
43 30 58
43 31 55
43 32 161
43 34 54
43 35 43
43 36 47
43 37 61
43 38 191
43 39 156
43 41 113
43 42 160
43 44 193
43 47 148
43 49 42
43 50 39
43 52 23
43 55 192
43 57 114
43 58 2
43 59 188
43 62 45
43 63 37
43 67 45
43 68 155
43 69 88
43 70 43
43 71 141
43 77 54
43 79 200
43 81 61
43 82 198
43 85 157
43 86 200
43 88 111
43 93 153
43 95 92
43 97 198
43 98 75
43 99 62
44 3 106
44 4 102
44 5 170
44 6 60
44 7 29
44 8 3
44 10 67
44 11 192
44 12 29
44 13 79
44 14 165
44 16 87
44 18 190
44 19 13
44 20 4
44 21 177
44 22 53
44 24 98
44 25 16
44 27 192
44 28 53
44 29 38
44 30 44
44 32 114
44 34 68
44 35 100
44 36 118
44 37 187
44 41 39
44 42 65
44 43 193
44 45 104
44 47 49
44 49 35
44 50 105
44 51 84
44 53 2
44 54 90
44 55 124
44 56 169
44 57 56
44 60 69
44 61 166
44 62 103
44 63 129
44 64 132
44 65 101
44 66 182
44 68 152
44 69 162
44 70 4
44 71 60
44 73 70
44 74 182
44 75 4
44 76 154
44 77 153
44 78 37
44 80 200
44 81 187
44 82 164
44 83 29
44 84 158
44 85 70
44 87 39
44 89 187
44 90 182
44 92 5
44 93 120
44 94 176
44 96 143
44 97 67
44 98 153
44 99 66
45 2 146
45 3 38
45 4 116
45 5 60
45 6 69
45 7 124
45 8 101
45 9 108
45 10 62
45 12 12
45 13 30
45 14 91
45 16 117
45 17 9
45 19 33
45 20 140
45 24 156
45 25 124
45 26 55
45 27 73
45 28 76
45 30 169
45 32 198
45 33 43
45 34 74
45 35 16
45 36 42
45 39 107
45 40 140
45 41 174
45 44 104
45 47 30
45 48 14
45 50 81
45 52 151
45 53 70
45 59 197
45 60 184
45 61 125
45 62 73
45 64 144
45 67 151
45 68 93
45 69 156
45 71 149
45 74 17
45 76 183
45 77 177
45 79 34
45 80 53
45 81 17
45 82 193
45 83 145
45 84 156
45 85 47
45 86 167
45 90 132
45 91 158
45 93 16
45 95 90
45 97 192
45 99 109
46 1 114
46 2 3
46 3 21
46 4 99
46 5 121
46 6 18
46 7 104
46 8 58
46 9 168
46 10 173
46 12 132
46 13 142
46 14 70
46 15 52
46 16 75
46 17 162
46 18 145
46 19 38
46 20 74
46 21 163
46 22 87
46 23 92
46 24 17
46 25 119
46 26 105
46 27 176
46 28 1
46 32 122
46 33 38
46 35 78
46 37 142
46 41 49
46 42 161
46 47 154
46 49 135
46 50 80
46 51 32
46 52 13
46 53 21
46 54 10
46 55 102
46 58 120
46 59 108
46 60 159
46 61 173
46 62 185
46 66 173
46 68 141
46 70 162
46 72 122
46 73 97
46 74 58
46 75 198
46 78 68
46 81 24
46 82 181
46 84 160
46 85 151
46 86 27
46 88 10
46 89 1
46 90 70
46 93 143
46 94 43
46 95 132
46 96 178
46 97 138
47 1 35
47 2 100
47 3 50
47 5 136
47 6 145
47 7 122
47 12 45
47 13 61
47 14 47
47 15 9
47 17 41
47 18 196
47 21 159
47 22 157
47 26 21
47 27 9
47 29 58
47 31 174
47 33 98
47 34 74
47 35 164
47 36 183
47 38 185
47 39 64
47 40 13
47 41 119
47 43 148
47 44 49
47 45 30
47 46 154
47 48 121
47 50 44
47 53 38
47 54 123
47 55 120
47 57 130
47 59 7
47 61 39
47 64 186
47 66 44
47 67 105
47 70 127
47 71 105
47 72 116
47 74 155
47 75 183
47 76 132
47 77 86
47 79 127
47 80 77
47 82 17
47 84 99
47 85 132
47 86 25
47 87 125
47 88 69
47 89 71
47 92 55
47 93 56
47 94 38
47 95 196
47 96 134
47 97 31
48 2 183
48 3 60
48 4 25
48 5 141
48 6 4
48 7 38
48 10 157
48 11 69
48 12 32
48 13 153
48 14 60
48 15 138
48 16 16
48 17 44
48 18 104
48 19 116
48 20 119
48 21 80
48 22 89
48 23 42
48 24 60
48 25 123
48 26 189
48 27 1
48 28 58
48 29 150
48 32 44
48 33 7
48 35 55
48 36 197
48 37 11
48 38 141
48 39 11
48 40 185
48 41 198
48 45 14
48 47 121
48 51 47
48 53 28
48 55 116
48 56 14
48 59 190
48 61 134
48 63 117
48 64 105
48 66 127
48 67 160
48 69 36
48 70 69
48 71 125
48 72 167
48 75 81
48 76 43
48 77 104
48 80 154
48 81 15
48 82 112
48 83 186
48 84 95
48 85 191
48 86 90
48 87 51
48 88 94
48 89 38
48 90 196
48 91 100
48 95 75
48 96 59
48 97 39
49 1 35
49 2 46
49 3 166
49 5 60
49 6 181
49 7 125
49 8 51
49 9 190
49 10 96
49 11 110
49 12 34
49 13 10
49 14 191
49 16 61
49 17 134
49 18 23
49 19 55
49 21 98
49 23 94
49 25 190
49 26 173
49 27 184
49 28 126
49 29 50
49 31 84
49 32 32
49 33 181
49 34 184
49 37 200
49 38 50
49 40 4
49 42 172
49 43 42
49 44 35
49 46 135
49 50 107
49 51 104
49 53 170
49 54 104
49 55 192
49 57 15
49 58 142
49 61 187
49 62 177
49 63 47
49 66 137
49 67 66
49 68 106
49 69 131
49 70 74
49 71 94
49 73 103
49 74 180
49 76 176
49 77 176
49 78 26
49 79 168
49 81 185
49 82 126
49 85 115
49 87 106
49 88 5
49 91 112
49 94 169
49 95 157
49 96 154
50 1 31
50 2 165
50 3 173
50 4 60
50 5 159
50 6 179
50 7 39
50 8 123
50 9 56
50 11 162
50 12 129
50 13 79
50 14 184
50 15 164
50 18 61
50 22 121
50 25 163
50 26 114
50 28 139
50 31 13
50 32 163
50 33 70
50 34 170
50 36 176
50 37 69
50 38 3
50 40 106
50 42 36
50 43 39
50 44 105
50 45 81
50 46 80
50 47 44
50 49 107
50 52 33
50 53 151
50 54 24
50 55 65
50 57 27
50 58 59
50 59 85
50 60 24
50 61 163
50 62 183
50 63 140
50 64 36
50 65 50
50 66 161
50 67 191
50 68 163
50 69 155
50 72 161
50 74 38
50 75 57
50 78 107
50 79 113
50 80 135
50 81 43
50 86 64
50 87 184
50 88 72
50 89 86
50 91 1
50 92 94
50 93 1
50 94 10
50 95 194
50 98 166
51 1 185
51 2 23
51 4 156
51 5 115
51 6 95
51 7 137
51 10 139
51 11 121
51 12 5
51 13 20
51 15 16
51 16 18
51 19 40
51 21 44
51 24 34
51 27 147
51 28 47
51 29 155
51 31 165
51 32 117
51 33 1
51 34 156
51 35 55
51 36 66
51 37 44
51 39 38
51 40 151
51 41 192
51 44 84
51 46 32
51 48 47
51 49 104
51 53 68
51 54 31
51 55 90
51 56 165
51 57 119
51 58 130
51 59 55
51 62 198
51 63 183
51 64 110
51 65 18
51 66 38
51 72 134
51 73 75
51 75 34
51 76 199
51 77 24
51 79 128
51 80 33
51 81 1
51 82 56
51 84 51
51 85 24
51 87 106
51 88 115
51 90 185
51 92 70
51 93 140
51 94 83
51 95 199
51 96 5
51 98 6
51 99 57
52 1 55
52 2 92
52 3 95
52 4 183
52 5 147
52 6 1
52 7 140
52 8 14
52 9 121
52 10 75
52 11 7
52 12 172
52 16 82
52 17 128
52 18 70
52 19 8
52 20 179
52 21 108
52 22 162
52 24 38
52 25 175
52 26 140
52 28 197
52 29 196
52 30 139
52 32 112
52 33 35
52 34 181
52 38 169
52 39 13
52 41 184
52 42 136
52 43 23
52 45 151
52 46 13
52 50 33
52 54 1
52 56 192
52 57 113
52 58 68
52 59 183
52 60 163
52 61 198
52 62 70
52 63 31
52 64 52
52 67 99
52 68 5
52 69 187
52 70 2
52 71 187
52 74 75
52 78 114
52 79 84
52 80 23
52 82 136
52 83 106
52 84 89
52 88 185
52 89 44
52 93 105
52 94 172
52 97 66
52 99 156
53 1 162
53 2 193
53 3 200
53 6 95
53 7 70
53 9 189
53 10 35
53 12 30
53 13 136
53 14 86
53 15 198
53 16 97
53 17 88
53 19 125
53 20 179
53 22 106
53 23 151
53 24 179
53 26 78
53 27 162
53 28 133
53 29 7
53 31 175
53 32 169
53 33 19
53 34 41
53 35 65
53 36 9
53 40 188
53 41 25
53 44 2
53 45 70
53 46 21
53 47 38
53 48 28
53 49 170
53 50 151
53 51 68
53 55 50
53 56 111
53 57 89
53 59 62
53 61 45
53 62 7
53 63 112
53 64 123
53 65 142
53 66 177
53 70 104
53 72 124
53 73 114
53 74 143
53 75 60
53 79 41
53 80 145
53 81 160
53 83 26
53 84 138
53 85 190
53 87 124
53 88 18
53 89 79
53 90 171
53 92 163
53 95 52
53 96 139
53 97 69
53 98 74
54 2 190
54 4 56
54 6 92
54 7 10
54 8 54
54 9 154
54 12 131
54 13 174
54 16 62
54 17 155
54 18 5
54 19 154
54 20 101
54 22 42
54 27 181
54 28 94
54 29 159
54 31 101
54 33 32
54 34 73
54 36 190
54 37 167
54 39 61
54 40 171
54 41 82
54 44 90
54 46 10
54 47 123
54 49 104
54 50 24
54 51 31
54 52 1
54 55 38
54 56 75
54 63 95
54 66 5
54 67 143
54 68 157
54 69 147
54 71 63
54 73 122
54 74 183
54 75 40
54 77 170
54 78 42
54 79 70
54 80 67
54 82 28
54 83 127
54 85 85
54 88 177
54 89 188
54 90 122
54 91 200
54 93 93
54 94 175
54 95 149
54 96 160
54 97 27
55 1 47
55 2 80
55 3 65
55 4 115
55 6 167
55 7 118
55 8 180
55 9 91
55 10 82
55 11 92
55 13 199
55 16 169
55 19 93
55 21 50
55 22 94
55 23 156
55 24 127
55 25 161
55 27 168
55 28 194
55 29 7
55 32 4
55 33 118
55 35 112
55 38 162
55 39 166
55 41 199
55 43 192
55 44 124
55 46 102
55 47 120
55 48 116
55 49 192
55 50 65
55 51 90
55 53 50
55 54 38
55 57 2
55 58 127
55 59 41
55 60 31
55 61 185
55 62 61
55 63 157
55 66 63
55 67 64
55 68 137
55 69 100
55 73 120
55 74 56
55 75 84
55 77 113
55 79 82
55 80 131
55 82 162
55 83 132
55 86 180
55 88 116
55 89 153
55 90 147
55 92 126
55 96 24
55 97 20
55 98 78
55 99 189
56 1 15
56 2 78
56 5 94
56 6 162
56 8 117
56 9 135
56 10 176
56 12 16
56 14 162
56 15 121
56 17 119
56 18 127
56 21 81
56 22 57
56 23 1
56 24 94
56 25 157
56 26 95
56 28 43
56 29 165
56 31 195
56 32 12
56 33 121
56 34 64
56 35 180
56 36 36
56 37 106
56 38 8
56 39 121
56 40 164
56 44 169
56 48 14
56 51 165
56 52 192
56 53 111
56 54 75
56 57 138
56 58 154
56 60 18
56 61 7
56 62 197
56 64 155
56 66 70
56 67 138
56 68 47
56 71 2
56 74 152
56 76 105
56 77 29
56 78 157
56 80 9
56 81 93
56 82 107
56 85 141
56 89 89
56 90 59
56 91 105
56 92 153
56 93 1
56 94 9
56 95 135
56 96 122
56 97 111
56 98 86
57 2 26
57 3 27
57 4 34
57 5 185
57 6 97
57 7 173
57 9 82
57 10 83
57 11 12
57 13 68
57 17 107
57 18 80
57 19 143
57 20 120
57 23 22
57 25 164
57 26 5
57 27 185
57 28 170
57 29 134
57 30 185
57 33 137
57 34 32
57 35 84
57 36 20
57 37 33
57 38 77
57 39 170
57 41 120
57 43 114
57 44 56
57 47 130
57 49 15
57 50 27
57 51 119
57 52 113
57 53 89
57 55 2
57 56 138
57 58 85
57 60 167
57 63 93
57 64 171
57 65 142
57 66 157
57 67 142
57 68 194
57 69 90
57 71 115
57 72 166
57 75 31
57 76 78
57 77 67
57 78 71
57 80 2
57 81 156
57 83 197
57 85 111
57 88 92
57 89 73
57 90 136
57 91 122
57 92 55
57 93 166
57 94 102
57 95 103
57 98 7
57 99 33
58 1 27
58 2 160
58 3 43
58 4 122
58 5 143
58 8 9
58 9 125
58 10 185
58 11 72
58 12 79
58 13 155
58 14 170
58 15 21
58 16 103
58 17 124
58 21 195
58 22 35
58 23 188
58 24 10
58 25 51
58 26 79
58 27 102
58 29 119
58 30 6
58 32 118
58 34 39
58 36 168
58 37 115
58 40 44
58 41 46
58 42 77
58 43 2
58 46 120
58 49 142
58 50 59
58 51 130
58 52 68
58 55 127
58 56 154
58 57 85
58 60 189
58 61 128
58 63 18
58 64 57
58 66 176
58 68 137
58 69 85
58 70 91
58 71 75
58 73 29
58 74 197
58 77 81
58 78 114
58 79 95
58 80 99
58 82 27
58 84 35
58 86 114
58 87 110
58 88 50
58 90 131
58 93 189
58 96 61
58 98 181
58 99 39
59 1 119
59 2 83
59 3 49
59 4 121
59 6 110
59 7 21
59 8 55
59 9 111
59 10 192
59 11 45
59 12 4
59 13 68
59 19 194
59 20 44
59 21 48
59 22 140
59 23 161
59 24 129
59 25 49
59 26 109
59 27 154
59 29 193
59 30 104
59 31 39
59 32 175
59 34 93
59 38 156
59 39 104
59 40 182
59 41 49
59 43 188
59 45 197
59 46 108
59 47 7
59 48 190
59 50 85
59 51 55
59 52 183
59 53 62
59 55 41
59 62 118
59 64 64
59 65 90
59 66 158
59 67 102
59 69 24
59 70 128
59 73 131
59 74 89
59 75 27
59 77 153
59 78 161
59 79 166
59 80 200
59 82 169
59 85 183
59 87 118
59 91 162
59 92 119
59 94 71
59 95 172
59 96 25
59 98 109
60 1 44
60 4 84
60 6 17
60 7 120
60 8 62
60 9 164
60 11 139
60 12 114
60 13 181
60 15 116
60 16 121
60 19 183
60 20 66
60 21 151
60 22 139
60 23 188
60 24 46
60 25 185
60 26 54
60 28 78
60 31 170
60 34 113
60 35 89
60 36 81
60 37 93
60 38 35
60 39 49
60 41 185
60 44 69
60 45 184
60 46 159
60 50 24
60 52 163
60 55 31
60 56 18
60 57 167
60 58 189
60 61 155
60 63 194
60 64 117
60 66 156
60 69 20
60 70 146
60 71 65
60 72 66
60 74 108
60 76 22
60 80 102
60 83 43
60 85 135
60 86 73
60 87 58
60 88 43
60 89 135
60 90 119
60 92 127
60 95 139
60 97 3
61 1 62
61 2 69
61 4 48
61 5 105
61 6 93
61 8 194
61 9 78
61 10 16
61 11 188
61 13 98
61 16 107
61 17 150
61 22 41
61 23 79
61 24 191
61 28 38
61 29 134
61 30 102
61 32 25
61 33 71
61 34 111
61 35 173
61 36 16
61 39 60
61 40 89
61 41 46
61 44 166
61 45 125
61 46 173
61 47 39
61 48 134
61 49 187
61 50 163
61 52 198
61 53 45
61 55 185
61 56 7
61 58 128
61 60 155
61 62 69
61 63 152
61 64 152
61 65 109
61 66 39
61 67 80
61 68 20
61 69 100
61 70 106
61 71 94
61 72 47
61 73 34
61 74 15
61 76 147
61 77 52
61 82 190
61 84 119
61 87 64
61 88 134
61 89 119
61 90 120
61 91 91
61 96 47
61 98 160
61 99 163
62 1 73
62 3 32
62 5 38
62 6 47
62 7 62
62 8 173
62 9 33
62 10 80
62 11 80
62 14 87
62 15 161
62 18 184
62 19 38
62 20 48
62 21 40
62 22 140
62 24 81
62 28 161
62 29 179
62 30 148
62 32 164
62 34 133
62 36 197
62 38 163
62 39 143
62 41 10
62 42 100
62 43 45
62 44 103
62 45 73
62 46 185
62 49 177
62 50 183
62 51 198
62 52 70
62 53 7
62 55 61
62 56 197
62 59 118
62 61 69
62 63 13
62 64 90
62 65 152
62 66 99
62 69 150
62 73 110
62 75 120
62 76 176
62 77 118
62 78 8
62 79 91
62 80 53
62 81 3
62 82 47
62 84 27
62 90 166
62 91 131
62 92 155
62 93 97
62 95 140
62 96 187
62 97 74
62 99 143
63 1 121
63 2 152
63 3 52
63 4 92
63 5 182
63 6 52
63 7 19
63 8 167
63 9 94
63 10 147
63 11 193
63 16 182
63 17 39
63 18 2
63 21 61
63 22 174
63 23 154
63 24 134
63 26 36
63 28 79
63 32 12
63 33 142
63 34 15
63 35 136
63 36 98
63 37 14
63 40 40
63 41 37
63 43 37
63 44 129
63 48 117
63 49 47
63 50 140
63 51 183
63 52 31
63 53 112
63 54 95
63 55 157
63 57 93
63 58 18
63 60 194
63 61 152
63 62 13
63 64 167
63 65 69
63 67 48
63 68 53
63 69 88
63 70 189
63 72 123
63 73 89
63 74 99
63 75 45
63 76 14
63 77 78
63 78 137
63 79 45
63 80 90
63 81 185
63 82 158
63 83 122
63 85 178
63 87 120
63 89 174
63 90 103
63 91 52
63 94 117
63 96 152
63 97 186
63 98 160
63 99 68
64 1 36
64 3 139
64 5 4
64 6 125
64 8 16
64 10 196
64 12 53
64 13 68
64 14 189
64 15 50
64 16 64
64 18 131
64 22 54
64 24 128
64 25 89
64 26 143
64 31 154
64 33 174
64 37 63
64 38 23
64 40 171
64 41 136
64 44 132
64 45 144
64 47 186
64 48 105
64 50 36
64 51 110
64 52 52
64 53 123
64 56 155
64 57 171
64 58 57
64 59 64
64 60 117
64 61 152
64 62 90
64 63 167
64 65 198
64 69 64
64 70 50
64 71 148
64 72 156
64 73 145
64 74 187
64 75 123
64 77 65
64 78 122
64 79 95
64 80 73
64 81 13
64 82 136
64 83 93
64 85 114
64 86 52
64 88 26
64 89 133
64 91 105
64 92 127
64 93 65
64 94 25
64 95 130
64 96 199
64 97 6
65 1 154
65 3 156
65 7 73
65 8 158
65 9 87
65 10 148
65 12 152
65 13 104
65 14 132
65 15 158
65 18 197
65 20 96
65 21 190
65 22 67
65 23 51
65 24 63
65 26 81
65 28 25
65 36 42
65 37 176
65 39 91
65 41 109
65 44 101
65 50 50
65 51 18
65 53 142
65 57 142
65 59 90
65 61 109
65 62 152
65 63 69
65 64 198
65 66 65
65 68 29
65 69 85
65 70 82
65 71 17
65 73 55
65 75 115
65 76 167
65 77 78
65 78 137
65 79 29
65 80 54
65 81 91
65 82 173
65 83 160
65 85 6
65 87 63
65 88 110
65 91 33
65 92 100
65 95 107
65 96 50
65 98 122
65 99 57
66 1 14
66 2 197
66 4 19
66 5 108
66 6 36
66 7 82
66 8 69
66 11 159
66 13 33
66 14 193
66 15 193
66 17 124
66 18 34
66 19 1
66 21 99
66 23 58
66 24 193
66 25 183
66 31 120
66 32 75
66 33 17
66 35 91
66 40 92
66 41 25
66 42 161
66 44 182
66 46 173
66 47 44
66 48 127
66 49 137
66 50 161
66 51 38
66 53 177
66 54 5
66 55 63
66 56 70
66 57 157
66 58 176
66 59 158
66 60 156
66 61 39
66 62 99
66 65 65
66 67 23
66 68 162
66 69 155
66 71 101
66 75 26
66 77 141
66 80 44
66 81 53
66 82 74
66 83 120
66 84 121
66 85 14
66 86 35
66 87 180
66 88 142
66 89 31
66 91 129
66 92 72
66 94 175
66 97 106
66 99 98
67 1 182
67 3 58
67 4 40
67 5 81
67 6 4
67 7 174
67 9 79
67 11 19
67 13 44
67 15 110
67 16 137
67 20 125
67 22 124
67 23 33
67 26 150
67 27 17
67 28 114
67 29 173
67 31 155
67 33 8
67 34 46
67 35 52
67 36 35
67 37 152
67 38 99
67 40 193
67 41 8
67 42 138
67 43 45
67 45 151
67 47 105
67 48 160
67 49 66
67 50 191
67 52 99
67 54 143
67 55 64
67 56 138
67 57 142
67 59 102
67 61 80
67 63 48
67 66 23
67 70 119
67 71 155
67 72 194
67 74 66
67 75 130
67 76 70
67 78 195
67 79 98
67 80 70
67 81 78
67 83 143
67 84 119
67 85 188
67 87 74
67 88 54
67 89 172
67 92 61
67 93 190
67 95 158
67 97 53
67 99 141
68 1 99
68 3 137
68 5 150
68 6 42
68 9 99
68 11 83
68 12 159
68 13 162
68 15 156
68 16 17
68 18 95
68 20 86
68 24 59
68 25 90
68 26 158
68 27 96
68 28 180
68 30 17
68 32 155
68 33 90
68 34 198
68 38 101
68 39 189
68 41 173
68 42 164
68 43 155
68 44 152
68 45 93
68 46 141
68 49 106
68 50 163
68 52 5
68 54 157
68 55 137
68 56 47
68 57 194
68 58 137
68 61 20
68 63 53
68 65 29
68 66 162
68 69 131
68 71 85
68 75 38
68 76 192
68 80 24
68 81 196
68 82 172
68 83 156
68 84 53
68 85 28
68 86 120
68 88 149
68 90 103
68 92 135
68 93 22
68 95 56
68 96 63
68 98 64
69 2 80
69 3 123
69 4 41
69 5 100
69 6 128
69 7 32
69 8 111
69 10 138
69 14 155
69 15 152
69 16 128
69 17 140
69 19 97
69 20 165
69 22 125
69 24 31
69 28 18
69 29 45
69 30 57
69 32 21
69 33 95
69 34 195
69 36 94
69 37 133
69 40 114
69 41 109
69 42 24
69 43 88
69 44 162
69 45 156
69 48 36
69 49 131
69 50 155
69 52 187
69 54 147
69 55 100
69 57 90
69 58 85
69 59 24
69 60 20
69 61 100
69 62 150
69 63 88
69 64 64
69 65 85
69 66 155
69 68 131
69 70 105
69 71 63
69 72 181
69 73 40
69 75 121
69 77 198
69 78 105
69 79 180
69 80 172
69 85 68
69 86 184
69 87 131
69 88 109
69 89 18
69 90 129
69 91 21
69 92 132
69 93 76
69 94 104
69 95 86
69 96 170
69 98 34
70 3 176
70 9 164
70 12 111
70 13 53
70 16 65
70 18 69
70 19 173
70 20 128
70 21 154
70 23 46
70 24 158
70 25 68
70 26 79
70 27 29
70 28 169
70 29 120
70 31 78
70 32 182
70 33 113
70 35 146
70 36 138
70 41 10
70 42 45
70 43 43
70 44 4
70 46 162
70 47 127
70 48 69
70 49 74
70 52 2
70 53 104
70 58 91
70 59 128
70 60 146
70 61 106
70 63 189
70 64 50
70 65 82
70 67 119
70 69 105
70 71 53
70 73 84
70 74 103
70 75 45
70 77 12
70 78 122
70 80 21
70 82 51
70 83 34
70 85 110
70 89 108
70 90 65
70 93 82
70 95 127
70 96 75
70 98 114
70 99 168
71 1 80
71 2 103
71 3 119
71 5 140
71 6 49
71 8 30
71 9 151
71 12 180
71 13 175
71 14 141
71 15 15
71 19 153
71 20 61
71 21 96
71 23 152
71 26 193
71 28 170
71 29 19
71 30 158
71 32 185
71 33 100
71 35 5
71 36 95
71 38 125
71 40 132
71 42 105
71 43 141
71 44 60
71 45 149
71 47 105
71 48 125
71 49 94
71 52 187
71 54 63
71 56 2
71 57 115
71 58 75
71 60 65
71 61 94
71 64 148
71 65 17
71 66 101
71 67 155
71 68 85
71 69 63
71 70 53
71 72 144
71 73 74
71 76 54
71 77 145
71 78 152
71 79 44
71 81 148
71 83 25
71 84 32
71 85 143
71 86 48
71 87 1
71 89 159
71 90 23
71 91 53
71 92 157
71 93 131
71 95 93
71 96 137
71 97 67
72 1 184
72 3 135
72 6 178
72 7 147
72 8 55
72 9 126
72 13 41
72 14 66
72 15 180
72 16 5
72 17 23
72 18 32
72 19 129
72 21 68
72 22 38
72 23 66
72 25 29
72 27 40
72 28 6
72 29 134
72 30 158
72 31 131
72 32 14
72 33 158
72 34 192
72 35 140
72 37 174
72 39 42
72 40 162
72 42 35
72 46 122
72 47 116
72 48 167
72 50 161
72 51 134
72 53 124
72 57 166
72 60 66
72 61 47
72 63 123
72 64 156
72 67 194
72 69 181
72 71 144
72 73 70
72 75 93
72 77 55
72 78 76
72 79 34
72 80 128
72 81 135
72 82 124
72 83 45
72 84 23
72 86 31
72 87 136
72 88 29
72 89 50
72 90 154
72 91 23
72 93 154
72 96 183
72 98 3
72 99 25
73 2 69
73 4 24
73 5 9
73 6 127
73 8 20
73 9 2
73 10 33
73 12 125
73 13 98
73 16 121
73 17 161
73 18 147
73 19 121
73 20 137
73 21 124
73 23 117
73 24 69
73 25 10
73 27 35
73 31 20
73 33 41
73 38 20
73 39 106
73 40 48
73 42 102
73 44 70
73 46 97
73 49 103
73 51 75
73 53 114
73 54 122
73 55 120
73 58 29
73 59 131
73 61 34
73 62 110
73 63 89
73 64 145
73 65 55
73 69 40
73 70 84
73 71 74
73 72 70
73 74 55
73 75 59
73 76 65
73 77 47
73 78 56
73 80 194
73 81 188
73 83 7
73 84 188
73 86 183
73 87 85
73 88 161
73 89 68
73 90 65
73 91 6
73 92 130
73 95 135
73 96 33
73 97 100
73 98 200
73 99 177
74 4 154
74 6 12
74 7 188
74 8 48
74 9 120
74 10 41
74 11 144
74 12 190
74 13 176
74 14 22
74 15 144
74 16 72
74 17 192
74 18 7
74 19 100
74 20 157
74 21 99
74 22 183
74 24 162
74 25 156
74 26 174
74 30 68
74 31 191
74 32 195
74 33 19
74 34 195
74 35 27
74 36 170
74 37 168
74 38 120
74 39 165
74 40 48
74 42 152
74 44 182
74 45 17
74 46 58
74 47 155
74 49 180
74 50 38
74 52 75
74 53 143
74 54 183
74 55 56
74 56 152
74 58 197
74 59 89
74 60 108
74 61 15
74 63 99
74 64 187
74 67 66
74 70 103
74 73 55
74 76 189
74 77 187
74 79 23
74 81 154
74 84 178
74 88 187
74 89 137
74 90 179
74 92 165
74 93 24
74 95 101
74 99 158
75 3 4
75 6 91
75 7 126
75 8 75
75 9 166
75 11 168
75 15 50
75 18 160
75 20 29
75 22 192
75 23 68
75 24 9
75 25 18
75 26 127
75 27 68
75 30 107
75 31 16
75 32 38
75 33 9
75 34 172
75 36 128
75 38 193
75 40 71
75 41 134
75 44 4
75 46 198
75 47 183
75 48 81
75 50 57
75 51 34
75 53 60
75 54 40
75 55 84
75 57 31
75 59 27
75 62 120
75 63 45
75 64 123
75 65 115
75 66 26
75 67 130
75 68 38
75 69 121
75 70 45
75 72 93
75 73 59
75 76 83
75 77 64
75 79 143
75 80 146
75 82 30
75 83 32
75 84 96
75 86 101
75 88 196
75 94 146
75 96 22
75 97 121
75 98 22
75 99 86
76 1 19
76 2 115
76 3 54
76 5 126
76 6 42
76 7 117
76 8 91
76 9 144
76 10 136
76 12 150
76 14 43
76 15 124
76 16 23
76 18 107
76 19 105
76 20 160
76 21 17
76 22 100
76 23 91
76 25 41
76 26 16
76 27 197
76 28 26
76 29 35
76 30 83
76 31 53
76 33 5
76 34 134
76 35 145
76 36 65
76 37 111
76 38 155
76 39 21
76 42 19
76 44 154
76 45 183
76 47 132
76 48 43
76 49 176
76 51 199
76 56 105
76 57 78
76 60 22
76 61 147
76 62 176
76 63 14
76 65 167
76 67 70
76 68 192
76 71 54
76 73 65
76 74 189
76 75 83
76 79 142
76 81 18
76 83 27
76 84 18
76 85 115
76 86 96
76 87 84
76 88 192
76 89 21
76 90 97
76 91 101
76 92 72
76 93 83
76 94 101
76 95 115
76 97 95
76 98 134
77 1 62
77 4 13
77 5 85
77 8 108
77 11 178
77 12 53
77 13 90
77 14 39
77 16 111
77 19 125
77 21 26
77 22 94
77 25 27
77 27 151
77 29 78
77 31 4
77 32 92
77 33 146
77 34 54
77 35 77
77 36 99
77 37 171
77 38 90
77 40 183
77 42 53
77 43 54
77 44 153
77 45 177
77 47 86
77 48 104
77 49 176
77 51 24
77 54 170
77 55 113
77 56 29
77 57 67
77 58 81
77 59 153
77 61 52
77 62 118
77 63 78
77 64 65
77 65 78
77 66 141
77 69 198
77 70 12
77 71 145
77 72 55
77 73 47
77 74 187
77 75 64
77 79 40
77 80 21
77 81 180
77 84 28
77 85 22
77 87 184
77 89 120
77 90 16
77 92 141
77 93 120
77 94 89
77 95 83
77 96 172
77 99 179
78 1 112
78 2 79
78 3 39
78 4 182
78 7 143
78 8 180
78 11 67
78 12 126
78 14 21
78 15 55
78 16 23
78 18 22
78 19 136
78 20 29
78 21 137
78 22 109
78 23 119
78 24 73
78 27 130
78 28 75
78 30 15
78 32 11
78 36 54
78 37 135
78 39 141
78 41 31
78 44 37
78 46 68
78 49 26
78 50 107
78 52 114
78 54 42
78 56 157
78 57 71
78 58 114
78 59 161
78 62 8
78 63 137
78 64 122
78 65 137
78 67 195
78 69 105
78 70 122
78 71 152
78 72 76
78 73 56
78 82 178
78 83 19
78 84 6
78 89 146
78 90 10
78 91 121
78 92 54
78 93 169
78 94 69
78 95 93
78 97 70
78 99 142
79 1 149
79 3 131
79 4 79
79 7 37
79 8 191
79 9 6
79 11 155
79 14 105
79 16 74
79 17 190
79 18 67
79 19 58
79 20 61
79 23 30
79 24 131
79 25 68
79 26 10
79 28 64
79 30 104
79 31 81
79 32 172
79 33 135
79 34 128
79 35 97
79 37 123
79 39 97
79 42 167
79 43 200
79 45 34
79 47 127
79 49 168
79 50 113
79 51 128
79 52 84
79 53 41
79 54 70
79 55 82
79 58 95
79 59 166
79 62 91
79 63 45
79 64 95
79 65 29
79 67 98
79 69 180
79 71 44
79 72 34
79 74 23
79 75 143
79 76 142
79 77 40
79 81 190
79 83 45
79 84 163
79 85 46
79 86 141
79 88 31
79 92 177
79 93 143
79 95 139
79 96 65
79 97 91
79 98 54
79 99 200
80 2 185
80 3 150
80 4 142
80 5 41
80 7 27
80 8 131
80 9 184
80 10 59
80 11 151
80 12 46
80 13 137
80 15 171
80 16 191
80 17 148
80 18 145
80 19 185
80 20 150
80 21 18
80 22 117
80 24 181
80 25 106
80 26 37
80 27 85
80 31 189
80 33 69
80 34 183
80 35 137
80 37 194
80 39 194
80 40 39
80 41 15
80 42 109
80 44 200
80 45 53
80 47 77
80 48 154
80 50 135
80 51 33
80 52 23
80 53 145
80 54 67
80 55 131
80 56 9
80 57 2
80 58 99
80 59 200
80 60 102
80 62 53
80 63 90
80 64 73
80 65 54
80 66 44
80 67 70
80 68 24
80 69 172
80 70 21
80 72 128
80 73 194
80 75 146
80 77 21
80 81 4
80 82 60
80 83 170
80 84 102
80 86 140
80 87 11
80 89 137
80 90 63
80 92 36
80 93 91
80 94 75
80 95 112
80 96 33
80 97 118
80 98 22
80 99 119
81 1 89
81 2 141
81 3 49
81 6 124
81 7 11
81 9 76
81 10 23
81 13 93
81 14 102
81 18 121
81 19 200
81 20 61
81 21 77
81 22 99
81 23 186
81 24 31
81 25 85
81 30 72
81 31 86
81 32 185
81 33 166
81 35 56
81 37 85
81 38 59
81 39 151
81 40 196
81 41 159
81 42 73
81 43 61
81 44 187
81 45 17
81 46 24
81 48 15
81 49 185
81 50 43
81 51 1
81 53 160
81 56 93
81 57 156
81 62 3
81 63 185
81 64 13
81 65 91
81 66 53
81 67 78
81 68 196
81 71 148
81 72 135
81 73 188
81 74 154
81 76 18
81 77 180
81 79 190
81 80 4
81 82 16
81 84 120
81 85 27
81 89 77
81 90 39
81 93 89
81 94 199
81 95 83
81 98 33
81 99 8
82 1 183
82 2 47
82 3 24
82 6 58
82 7 95
82 9 196
82 12 26
82 13 82
82 14 99
82 15 13
82 17 147
82 18 87
82 19 27
82 20 136
82 21 160
82 23 43
82 24 91
82 25 144
82 26 49
82 27 142
82 28 146
82 30 135
82 31 5
82 33 115
82 34 188
82 35 144
82 36 68
82 37 17
82 38 138
82 41 139
82 42 183
82 43 198
82 44 164
82 45 193
82 46 181
82 47 17
82 48 112
82 49 126
82 51 56
82 52 136
82 54 28
82 55 162
82 56 107
82 58 27
82 59 169
82 61 190
82 62 47
82 63 158
82 64 136
82 65 173
82 66 74
82 68 172
82 70 51
82 72 124
82 75 30
82 78 178
82 80 60
82 81 16
82 83 40
82 84 12
82 85 91
82 86 84
82 87 134
82 88 93
82 89 176
82 90 108
82 91 171
82 92 30
82 93 69
82 95 21
82 96 108
82 98 71
82 99 30
83 2 29
83 3 64
83 4 13
83 5 122
83 6 81
83 7 33
83 9 192
83 10 162
83 11 58
83 17 70
83 18 6
83 19 187
83 20 42
83 25 95
83 26 51
83 27 23
83 29 114
83 32 46
83 33 162
83 34 64
83 36 62
83 39 170
83 41 4
83 44 29
83 45 145
83 48 186
83 52 106
83 53 26
83 54 127
83 55 132
83 57 197
83 60 43
83 63 122
83 64 93
83 65 160
83 66 120
83 67 143
83 68 156
83 70 34
83 71 25
83 72 45
83 73 7
83 75 32
83 76 27
83 78 19
83 79 45
83 80 170
83 82 40
83 85 2
83 86 77
83 87 126
83 88 161
83 89 157
83 91 98
83 92 159
83 93 112
83 94 98
83 95 147
83 97 55
83 98 55
83 99 138
84 1 60
84 2 5
84 5 55
84 7 141
84 8 148
84 9 116
84 12 13
84 13 158
84 14 137
84 15 179
84 16 186
84 18 109
84 19 69
84 20 114
84 21 197
84 22 48
84 24 97
84 28 9
84 31 10
84 33 103
84 34 59
84 36 16
84 38 137
84 39 27
84 40 152
84 41 178
84 42 152
84 44 158
84 45 156
84 46 160
84 47 99
84 48 95
84 51 51
84 52 89
84 53 138
84 58 35
84 61 119
84 62 27
84 66 121
84 67 119
84 68 53
84 71 32
84 72 23
84 73 188
84 74 178
84 75 96
84 76 18
84 77 28
84 78 6
84 79 163
84 80 102
84 81 120
84 82 12
84 85 101
84 88 95
84 89 104
84 93 193
84 94 116
84 95 72
84 97 112
84 98 140
84 99 172
85 1 7
85 3 72
85 5 25
85 7 184
85 8 48
85 9 133
85 10 34
85 12 70
85 13 106
85 15 109
85 17 101
85 18 145
85 19 162
85 20 124
85 21 149
85 22 37
85 25 108
85 26 66
85 27 47
85 28 34
85 30 183
85 31 158
85 32 185
85 33 156
85 35 172
85 36 122
85 38 152
85 40 61
85 41 189
85 42 52
85 43 157
85 44 70
85 45 47
85 46 151
85 47 132
85 48 191
85 49 115
85 51 24
85 53 190
85 54 85
85 56 141
85 57 111
85 59 183
85 60 135
85 63 178
85 64 114
85 65 6
85 66 14
85 67 188
85 68 28
85 69 68
85 70 110
85 71 143
85 76 115
85 77 22
85 79 46
85 81 27
85 82 91
85 83 2
85 84 101
85 87 113
85 88 113
85 89 153
85 91 1
85 92 103
85 93 124
85 96 134
85 97 131
85 98 143
85 99 112
86 1 156
86 2 60
86 3 94
86 4 1
86 7 18
86 8 12
86 10 5
86 12 183
86 13 125
86 15 129
86 16 51
86 17 80
86 18 177
86 19 152
86 21 89
86 22 114
86 23 7
86 25 84
86 26 196
86 27 200
86 30 164
86 31 6
86 32 118
86 34 70
86 35 163
86 37 189
86 38 122
86 39 32
86 40 104
86 43 200
86 45 167
86 46 27
86 47 25
86 48 90
86 50 64
86 55 180
86 58 114
86 60 73
86 64 52
86 66 35
86 68 120
86 69 184
86 71 48
86 72 31
86 73 183
86 75 101
86 76 96
86 79 141
86 80 140
86 82 84
86 83 77
86 87 90
86 89 61
86 90 81
86 92 162
86 93 13
86 94 74
86 95 7
86 97 96
86 99 26
87 6 139
87 10 179
87 12 16
87 13 151
87 14 91
87 15 36
87 19 69
87 22 89
87 24 73
87 28 136
87 29 194
87 30 78
87 31 79
87 32 55
87 36 148
87 37 57
87 38 1
87 39 183
87 40 21
87 41 52
87 44 39
87 47 125
87 48 51
87 49 106
87 50 184
87 51 106
87 53 124
87 58 110
87 59 118
87 60 58
87 61 64
87 63 120
87 65 63
87 66 180
87 67 74
87 69 131
87 71 1
87 72 136
87 73 85
87 76 84
87 77 184
87 80 11
87 82 134
87 83 126
87 85 113
87 86 90
87 88 6
87 89 159
87 90 71
87 91 40
87 92 101
87 96 144
87 98 81
87 99 27
88 1 189
88 2 84
88 4 10
88 5 131
88 9 2
88 10 174
88 11 125
88 13 7
88 14 174
88 17 140
88 18 67
88 20 132
88 21 80
88 22 164
88 23 80
88 24 146
88 25 186
88 26 13
88 28 156
88 29 152
88 30 27
88 31 91
88 32 174
88 37 83
88 38 133
88 39 125
88 40 152
88 42 77
88 43 111
88 46 10
88 47 69
88 48 94
88 49 5
88 50 72
88 51 115
88 52 185
88 53 18
88 54 177
88 55 116
88 57 92
88 58 50
88 60 43
88 61 134
88 64 26
88 65 110
88 66 142
88 67 54
88 68 149
88 69 109
88 72 29
88 73 161
88 74 187
88 75 196
88 76 192
88 79 31
88 82 93
88 83 161
88 84 95
88 85 113
88 87 6
88 89 113
88 90 155
88 91 155
88 92 14
88 95 180
88 96 152
88 97 181
88 99 125
89 1 62
89 2 83
89 4 155
89 5 113
89 8 45
89 9 65
89 11 147
89 13 97
89 14 143
89 15 151
89 16 58
89 17 71
89 18 67
89 19 6
89 20 147
89 23 180
89 25 129
89 26 129
89 27 140
89 28 79
89 30 169
89 31 70
89 33 195
89 34 54
89 35 6
89 38 99
89 39 62
89 40 127
89 44 187
89 46 1
89 47 71
89 48 38
89 50 86
89 52 44
89 53 79
89 54 188
89 55 153
89 56 89
89 57 73
89 60 135
89 61 119
89 63 174
89 64 133
89 66 31
89 67 172
89 69 18
89 70 108
89 71 159
89 72 50
89 73 68
89 74 137
89 76 21
89 77 120
89 78 146
89 80 137
89 81 77
89 82 176
89 83 157
89 84 104
89 85 153
89 86 61
89 87 159
89 88 113
89 90 80
89 91 141
89 93 109
89 94 24
89 95 37
89 97 108
89 99 93
90 1 66
90 2 4
90 4 196
90 5 47
90 6 125
90 8 136
90 10 67
90 12 198
90 13 28
90 14 75
90 15 150
90 16 12
90 17 3
90 19 117
90 20 49
90 23 12
90 26 164
90 27 92
90 28 75
90 30 95
90 32 92
90 33 174
90 34 13
90 35 167
90 36 103
90 41 45
90 44 182
90 45 132
90 46 70
90 48 196
90 51 185
90 53 171
90 54 122
90 55 147
90 56 59
90 57 136
90 58 131
90 60 119
90 61 120
90 62 166
90 63 103
90 68 103
90 69 129
90 70 65
90 71 23
90 72 154
90 73 65
90 74 179
90 76 97
90 77 16
90 78 10
90 80 63
90 81 39
90 82 108
90 86 81
90 87 71
90 88 155
90 89 80
90 91 162
90 92 77
90 93 168
90 95 109
90 97 126
91 2 66
91 3 81
91 4 33
91 6 147
91 8 164
91 9 29
91 11 170
91 12 180
91 13 94
91 15 9
91 16 36
91 17 135
91 18 107
91 19 65
91 20 7
91 22 146
91 24 150
91 25 76
91 27 170
91 28 9
91 29 11
91 31 110
91 32 150
91 33 64
91 37 45
91 38 105
91 39 90
91 41 156
91 42 132
91 45 158
91 48 100
91 49 112
91 50 1
91 54 200
91 56 105
91 57 122
91 59 162
91 61 91
91 62 131
91 63 52
91 64 105
91 65 33
91 66 129
91 69 21
91 71 53
91 72 23
91 73 6
91 76 101
91 78 121
91 82 171
91 83 98
91 85 1
91 87 40
91 88 155
91 89 141
91 90 162
91 92 5
91 93 147
91 94 26
91 97 131
91 98 102
92 1 183
92 2 14
92 6 193
92 8 151
92 9 95
92 10 19
92 11 107
92 12 106
92 13 32
92 14 22
92 15 18
92 17 104
92 19 148
92 20 199
92 22 59
92 23 192
92 24 148
92 25 49
92 26 65
92 27 65
92 28 32
92 29 82
92 32 94
92 33 46
92 34 42
92 36 189
92 39 184
92 41 179
92 44 5
92 47 55
92 50 94
92 51 70
92 53 163
92 55 126
92 56 153
92 57 55
92 59 119
92 60 127
92 62 155
92 64 127
92 65 100
92 66 72
92 67 61
92 68 135
92 69 132
92 71 157
92 73 130
92 74 165
92 76 72
92 77 141
92 78 54
92 79 177
92 80 36
92 82 30
92 83 159
92 85 103
92 86 162
92 87 101
92 88 14
92 90 77
92 91 5
92 93 145
92 94 187
92 98 29
92 99 160
93 3 114
93 4 48
93 6 3
93 7 15
93 9 29
93 12 54
93 15 121
93 16 11
93 17 99
93 21 181
93 22 29
93 23 190
93 25 165
93 26 12
93 27 122
93 28 122
93 29 172
93 31 51
93 32 137
93 33 81
93 34 98
93 35 93
93 36 80
93 37 197
93 39 115
93 43 153
93 44 120
93 45 16
93 46 143
93 47 56
93 50 1
93 51 140
93 52 105
93 54 93
93 56 1
93 57 166
93 58 189
93 62 97
93 64 65
93 67 190
93 68 22
93 69 76
93 70 82
93 71 131
93 72 154
93 74 24
93 76 83
93 77 120
93 78 169
93 79 143
93 80 91
93 81 89
93 82 69
93 83 112
93 84 193
93 85 124
93 86 13
93 89 109
93 90 168
93 91 147
93 92 145
93 98 174
93 99 85
94 1 182
94 5 105
94 6 139
94 7 159
94 8 160
94 10 17
94 12 80
94 13 135
94 14 77
94 15 52
94 16 72
94 17 93
94 19 136
94 22 49
94 23 147
94 26 150
94 29 107
94 30 101
94 31 46
94 32 182
94 33 137
94 34 103
94 35 38
94 36 41
94 37 169
94 39 168
94 41 6
94 44 176
94 46 43
94 47 38
94 49 169
94 50 10
94 51 83
94 52 172
94 54 175
94 56 9
94 57 102
94 59 71
94 63 117
94 64 25
94 66 175
94 69 104
94 75 146
94 76 101
94 77 89
94 78 69
94 80 75
94 81 199
94 83 98
94 84 116
94 86 74
94 89 24
94 91 26
94 92 187
94 95 94
94 96 89
94 97 148
94 98 55
95 1 90
95 3 56
95 4 56
95 6 189
95 9 168
95 11 94
95 13 105
95 14 20
95 16 141
95 19 93
95 21 88
95 26 31
95 27 174
95 28 26
95 31 199
95 32 127
95 33 200
95 36 60
95 37 157
95 39 76
95 41 8
95 43 92
95 45 90
95 46 132
95 47 196
95 48 75
95 49 157
95 50 194
95 51 199
95 53 52
95 54 149
95 56 135
95 57 103
95 59 172
95 60 139
95 62 140
95 64 130
95 65 107
95 67 158
95 68 56
95 69 86
95 70 127
95 71 93
95 73 135
95 74 101
95 76 115
95 77 83
95 78 93
95 79 139
95 80 112
95 81 83
95 82 21
95 83 147
95 84 72
95 86 7
95 88 180
95 89 37
95 90 109
95 94 94
95 99 27
96 1 122
96 2 178
96 3 78
96 4 146
96 5 128
96 7 28
96 8 53
96 9 107
96 10 49
96 11 173
96 13 181
96 14 70
96 15 111
96 18 166
96 20 30
96 22 174
96 23 140
96 26 125
96 27 87
96 28 183
96 30 48
96 33 30
96 34 154
96 35 83
96 36 83
96 37 128
96 38 112
96 41 68
96 44 143
96 46 178
96 47 134
96 48 59
96 49 154
96 51 5
96 53 139
96 54 160
96 55 24
96 56 122
96 58 61
96 59 25
96 61 47
96 62 187
96 63 152
96 64 199
96 65 50
96 68 63
96 69 170
96 70 75
96 71 137
96 72 183
96 73 33
96 75 22
96 77 172
96 79 65
96 80 33
96 82 108
96 85 134
96 87 144
96 88 152
96 94 89
96 97 186
96 98 104
96 99 89
97 1 157
97 2 48
97 3 26
97 5 131
97 6 42
97 7 74
97 8 83
97 10 43
97 12 50
97 14 108
97 15 182
97 16 160
97 17 157
97 19 61
97 22 152
97 23 36
97 28 151
97 29 9
97 30 21
97 31 171
97 34 50
97 36 149
97 37 81
97 38 83
97 40 4
97 41 199
97 43 198
97 44 67
97 45 192
97 46 138
97 47 31
97 48 39
97 52 66
97 53 69
97 54 27
97 55 20
97 56 111
97 60 3
97 62 74
97 63 186
97 64 6
97 66 106
97 67 53
97 71 67
97 73 100
97 75 121
97 76 95
97 78 70
97 79 91
97 80 118
97 83 55
97 84 112
97 85 131
97 86 96
97 88 181
97 89 108
97 90 126
97 91 131
97 94 148
97 96 186
97 98 37
97 99 123
98 5 159
98 6 45
98 7 29
98 8 156
98 9 38
98 10 15
98 11 105
98 13 91
98 14 156
98 16 178
98 17 151
98 19 67
98 20 3
98 24 16
98 25 16
98 27 97
98 28 192
98 29 82
98 30 147
98 32 96
98 33 185
98 35 15
98 39 49
98 41 100
98 43 75
98 44 153
98 50 166
98 51 6
98 53 74
98 55 78
98 56 86
98 57 7
98 58 181
98 59 109
98 61 160
98 63 160
98 65 122
98 68 64
98 69 34
98 70 114
98 72 3
98 73 200
98 75 22
98 76 134
98 79 54
98 80 22
98 81 33
98 82 71
98 83 55
98 84 140
98 85 143
98 87 81
98 91 102
98 92 29
98 93 174
98 94 55
98 96 104
98 97 37
98 99 61
2 t 52
5 t 53
6 t 83
7 t 118
8 t 161
10 t 166
11 t 53
12 t 182
13 t 92
15 t 198
16 t 16
17 t 130
18 t 109
19 t 150
20 t 162
22 t 196
24 t 75
25 t 142
27 t 189
28 t 116
30 t 111
31 t 135
32 t 34
33 t 58
34 t 163
36 t 84
37 t 127
38 t 41
39 t 200
43 t 62
44 t 66
45 t 109
51 t 57
52 t 156
55 t 189
57 t 33
58 t 39
61 t 163
62 t 143
63 t 68
65 t 57
66 t 98
67 t 141
70 t 168
72 t 25
73 t 177
74 t 158
75 t 86
77 t 179
78 t 142
79 t 200
80 t 119
81 t 8
82 t 30
83 t 138
84 t 172
85 t 112
86 t 26
87 t 27
88 t 125
89 t 93
92 t 160
93 t 85
95 t 27
96 t 89
97 t 123
98 t 61
