s 4 199
s 7 29
s 9 181
s 11 200
s 12 160
s 14 34
s 17 76
s 18 186
s 20 16
s 21 127
s 23 145
s 25 36
s 27 49
s 29 78
s 30 138
s 32 197
s 34 130
s 35 50
s 36 95
s 37 56
s 39 61
s 41 53
s 46 66
s 47 150
s 48 81
s 49 104
s 54 36
s 55 130
s 56 113
s 59 162
s 60 147
s 62 39
s 64 180
s 68 182
s 71 62
s 72 52
s 75 5
s 76 160
s 78 117
s 79 133
s 81 101
s 82 4
s 84 6
s 88 53
s 89 59
s 90 24
s 92 144
s 93 123
s 94 186
s 97 90
s 99 42
1 2 192
1 3 5
1 4 129
1 10 32
1 11 56
1 13 21
1 17 10
1 18 167
1 20 6
1 23 46
1 24 200
1 25 158
1 27 198
1 29 83
1 30 23
1 31 60
1 33 77
1 35 83
1 36 155
1 39 172
1 40 120
1 44 69
1 45 172
1 46 31
1 49 136
1 50 65
1 55 95
1 56 41
1 58 162
1 60 38
1 61 151
1 62 194
1 63 178
1 66 197
1 69 4
1 71 24
1 75 53
1 76 194
1 78 157
1 80 45
1 81 186
1 82 24
1 85 140
1 89 126
1 90 150
1 91 55
1 92 33
1 95 16
1 99 130
2 1 192
2 3 119
2 4 47
2 5 58
2 10 102
2 12 185
2 13 139
2 16 180
2 17 192
2 19 106
2 21 173
2 24 16
2 32 35
2 33 126
2 36 175
2 38 131
2 40 139
2 41 58
2 42 191
2 43 74
2 44 200
2 46 147
2 47 169
2 50 112
2 51 196
2 53 44
2 59 153
2 62 28
2 65 59
2 66 11
2 68 200
2 69 75
2 70 138
2 71 149
2 72 10
2 75 69
2 76 69
2 79 13
2 82 174
2 83 3
2 85 6
2 86 160
2 87 21
2 88 100
2 89 70
2 91 143
2 92 38
2 93 72
2 95 136
2 96 156
2 97 195
2 98 149
3 1 5
3 2 119
3 7 115
3 10 143
3 11 95
3 14 75
3 16 106
3 17 150
3 19 121
3 25 26
3 34 133
3 35 155
3 36 19
3 38 182
3 40 2
3 42 190
3 43 173
3 45 82
3 47 124
3 49 34
3 51 68
3 53 45
3 55 192
3 57 40
3 58 174
3 59 59
3 60 131
3 63 167
3 64 31
3 65 140
3 67 109
3 68 78
3 69 92
3 70 100
3 71 151
3 74 109
3 76 6
3 78 131
3 79 151
3 80 84
3 81 116
3 82 116
3 84 123
3 87 198
3 88 36
3 92 78
3 93 94
3 94 185
3 98 137
3 99 178
4 1 129
4 2 47
4 5 89
4 10 44
4 12 74
4 13 169
4 15 175
4 18 118
4 19 3
4 20 183
4 21 54
4 23 48
4 30 86
4 35 93
4 39 113
4 42 169
4 45 94
4 48 184
4 50 117
4 51 176
4 54 15
4 57 184
4 62 4
4 63 196
4 64 176
4 66 141
4 67 55
4 75 37
4 77 137
4 82 125
4 83 5
4 85 4
4 86 5
4 88 199
4 90 172
4 93 122
4 94 164
4 95 149
4 96 75
5 2 58
5 4 89
5 6 39
5 7 190
5 8 9
5 9 115
5 12 86
5 13 9
5 14 133
5 16 129
5 19 40
5 20 170
5 25 123
5 26 184
5 30 157
5 31 171
5 32 3
5 33 102
5 37 86
5 40 57
5 41 65
5 42 187
5 43 30
5 50 146
5 53 95
5 58 115
5 59 65
5 63 43
5 69 43
5 72 181
5 74 63
5 76 107
5 77 80
5 78 111
5 83 123
5 84 172
5 85 69
5 86 49
5 87 105
5 89 166
5 90 90
5 92 74
5 93 92
5 95 183
5 96 52
5 99 174
6 5 39
6 10 98
6 11 40
6 12 100
6 13 75
6 14 89
6 15 176
6 16 162
6 17 55
6 18 133
6 20 180
6 21 77
6 23 40
6 25 70
6 28 124
6 32 76
6 34 195
6 35 55
6 37 180
6 39 18
6 40 93
6 45 112
6 46 19
6 49 126
6 50 168
6 51 18
6 53 190
6 55 50
6 60 132
6 61 167
6 62 157
6 63 69
6 64 77
6 65 126
6 66 43
6 68 129
6 69 109
6 70 147
6 71 116
6 72 138
6 73 115
6 74 58
6 77 109
6 79 169
6 81 56
6 82 49
6 84 98
6 85 191
6 88 113
6 90 110
6 92 52
6 95 11
6 96 155
6 99 124
7 3 115
7 5 190
7 9 15
7 13 17
7 18 165
7 21 130
7 29 7
7 35 127
7 36 179
7 37 50
7 40 90
7 44 78
7 45 160
7 46 5
7 49 27
7 54 156
7 57 81
7 59 92
7 60 89
7 61 109
7 62 175
7 64 120
7 66 87
7 67 174
7 73 137
7 76 189
7 78 184
7 80 21
7 81 12
7 82 99
7 83 12
7 84 93
7 86 69
7 93 108
7 99 114
8 5 9
8 10 28
8 11 149
8 14 73
8 16 184
8 18 166
8 19 75
8 21 58
8 22 84
8 23 85
8 24 141
8 25 136
8 28 193
8 30 49
8 32 24
8 33 98
8 38 122
8 41 187
8 42 198
8 43 139
8 44 131
8 45 86
8 46 90
8 47 183
8 48 8
8 52 74
8 53 48
8 55 126
8 58 105
8 59 118
8 62 189
8 63 62
8 67 131
8 71 60
8 72 13
8 73 64
8 74 90
8 76 144
8 77 58
8 79 21
8 80 88
8 81 3
8 82 14
8 83 163
8 86 104
8 87 2
8 91 132
8 94 129
8 95 51
8 99 192
9 5 115
9 7 15
9 10 137
9 12 134
9 16 115
9 18 70
9 19 170
9 23 124
9 25 16
9 26 188
9 27 7
9 28 76
9 29 173
9 31 133
9 32 164
9 34 176
9 38 170
9 41 154
9 43 179
9 49 42
9 50 172
9 51 74
9 52 177
9 53 37
9 55 60
9 57 166
9 59 176
9 64 41
9 67 55
9 69 142
9 71 113
9 72 93
9 73 48
9 75 58
9 76 21
9 78 87
9 80 109
9 81 150
9 82 43
9 83 62
9 85 22
9 86 169
9 87 86
9 88 166
9 89 152
9 90 13
9 93 153
9 94 14
10 1 32
10 2 102
10 3 143
10 4 44
10 6 98
10 8 28
10 9 137
10 11 106
10 12 171
10 13 60
10 14 124
10 19 133
10 20 72
10 21 11
10 22 76
10 23 126
10 24 86
10 26 73
10 27 89
10 30 143
10 32 51
10 33 59
10 35 185
10 39 4
10 40 32
10 41 140
10 43 157
10 44 97
10 45 85
10 47 34
10 48 179
10 53 66
10 54 36
10 59 89
10 61 155
10 62 74
10 65 116
10 66 24
10 69 180
10 72 183
10 74 116
10 75 164
10 77 51
10 80 145
10 82 16
10 84 101
10 86 22
10 88 9
10 90 144
10 92 174
10 93 153
10 96 131
10 97 133
11 1 56
11 3 95
11 6 40
11 8 149
11 10 106
11 12 29
11 13 29
11 14 145
11 15 124
11 18 175
11 23 152
11 24 73
11 25 174
11 26 18
11 28 41
11 30 46
11 31 161
11 32 100
11 34 124
11 38 127
11 39 75
11 42 42
11 43 199
11 45 51
11 47 149
11 48 154
11 52 171
11 53 197
11 55 149
11 57 65
11 58 176
11 62 94
11 63 175
11 64 11
11 65 117
11 66 79
11 67 52
11 68 111
11 69 82
11 71 134
11 72 46
11 73 5
11 75 78
11 77 160
11 80 94
11 81 22
11 84 25
11 86 169
11 88 33
11 93 57
11 95 42
12 2 185
12 4 74
12 5 86
12 6 100
12 9 134
12 10 171
12 11 29
12 18 20
12 20 89
12 22 41
12 25 83
12 26 159
12 31 2
12 36 181
12 39 84
12 41 59
12 44 192
12 46 30
12 47 8
12 48 179
12 49 163
12 52 194
12 54 2
12 55 19
12 57 30
12 60 177
12 67 41
12 68 143
12 69 141
12 75 184
12 77 131
12 79 118
12 81 11
12 90 153
12 98 47
12 99 90
13 1 21
13 2 139
13 4 169
13 5 9
13 6 75
13 7 17
13 10 60
13 11 29
13 16 89
13 18 44
13 20 16
13 23 123
13 24 47
13 27 195
13 28 191
13 29 63
13 31 194
13 33 197
13 34 107
13 35 166
13 38 52
13 39 52
13 40 120
13 41 64
13 42 152
13 43 130
13 44 74
13 45 82
13 46 102
13 47 14
13 49 75
13 50 149
13 55 70
13 56 174
13 57 184
13 58 100
13 59 80
13 62 118
13 65 43
13 66 115
13 67 146
13 71 79
13 73 115
13 74 59
13 75 164
13 76 27
13 78 42
13 79 6
13 82 54
13 84 193
13 85 177
13 86 127
13 87 31
13 88 60
13 91 165
13 93 10
13 94 147
13 95 103
13 98 31
14 3 75
14 5 133
14 6 89
14 8 73
14 10 124
14 11 145
14 15 136
14 16 43
14 17 149
14 20 46
14 22 154
14 27 36
14 29 166
14 30 143
14 31 151
14 32 75
14 34 177
14 35 13
14 36 19
14 37 99
14 40 15
14 41 82
14 42 139
14 43 29
14 45 58
14 47 81
14 48 131
14 49 190
14 51 81
14 54 102
14 57 169
14 58 122
14 59 41
14 61 190
14 64 158
14 66 66
14 68 161
14 69 153
14 70 3
14 73 183
14 74 17
14 75 131
14 76 65
14 77 9
14 78 185
14 79 35
14 81 30
14 85 102
14 86 109
14 87 30
14 88 55
14 89 140
14 91 16
14 94 31
14 95 179
14 97 174
15 4 175
15 6 176
15 11 124
15 14 136
15 16 40
15 18 154
15 21 48
15 22 95
15 25 135
15 26 156
15 28 5
15 29 42
15 30 93
15 32 83
15 41 10
15 44 138
15 46 143
15 48 47
15 52 170
15 54 40
15 55 46
15 56 44
15 57 96
15 60 95
15 61 37
15 63 12
15 64 191
15 65 67
15 67 117
15 68 163
15 69 28
15 70 181
15 71 44
15 73 39
15 79 168
15 81 150
15 82 135
15 83 191
15 87 75
15 88 10
15 89 56
15 93 21
15 95 12
15 96 41
15 98 41
15 99 11
16 2 180
16 3 106
16 5 129
16 6 162
16 8 184
16 9 115
16 13 89
16 14 43
16 15 40
16 17 51
16 18 161
16 22 196
16 23 143
16 24 48
16 25 119
16 26 65
16 27 156
16 29 6
16 30 85
16 31 69
16 35 156
16 36 145
16 37 36
16 38 28
16 39 110
16 40 46
16 41 8
16 42 52
16 43 113
16 44 53
16 45 91
16 49 35
16 51 25
16 53 195
16 54 199
16 55 153
16 58 22
16 59 112
16 60 171
16 66 6
16 67 190
16 68 91
16 73 80
16 75 150
16 76 179
16 78 150
16 79 186
16 81 101
16 82 194
16 83 122
16 88 129
16 90 136
16 91 186
16 93 88
17 1 10
17 2 192
17 3 150
17 6 55
17 14 149
17 16 51
17 18 140
17 21 127
17 23 97
17 24 42
17 25 50
17 33 145
17 34 124
17 36 116
17 37 13
17 38 44
17 39 125
17 40 5
17 41 126
17 42 99
17 45 73
17 46 29
17 48 166
17 49 80
17 52 178
17 54 132
17 57 35
17 58 95
17 59 10
17 61 94
17 62 153
17 63 26
17 66 42
17 67 184
17 72 159
17 75 171
17 77 162
17 80 194
17 81 56
17 82 32
17 83 5
17 84 11
17 85 54
17 86 170
17 87 65
17 89 68
17 90 148
17 93 162
17 95 76
17 96 102
17 99 189
18 1 167
18 4 118
18 6 133
18 7 165
18 8 166
18 9 70
18 11 175
18 12 20
18 13 44
18 15 154
18 16 161
18 17 140
18 19 111
18 20 95
18 22 196
18 24 164
18 25 167
18 28 38
18 30 88
18 31 49
18 34 148
18 35 171
18 37 68
18 41 159
18 42 53
18 43 46
18 45 2
18 46 2
18 47 44
18 48 140
18 50 163
18 52 83
18 56 87
18 58 15
18 61 152
18 62 110
18 63 31
18 65 115
18 66 46
18 68 124
18 69 191
18 70 138
18 71 115
18 72 158
18 73 130
18 76 138
18 77 143
18 83 150
18 84 159
18 85 127
18 86 187
18 87 184
18 88 108
18 89 14
18 90 139
18 93 83
18 94 118
18 95 63
18 97 113
19 2 106
19 3 121
19 4 3
19 5 40
19 8 75
19 9 170
19 10 133
19 18 111
19 20 3
19 23 41
19 27 12
19 31 78
19 32 195
19 33 67
19 34 35
19 35 118
19 36 23
19 37 98
19 38 28
19 39 25
19 41 91
19 42 13
19 43 26
19 45 173
19 46 50
19 47 159
19 49 167
19 50 44
19 51 55
19 53 14
19 55 135
19 56 120
19 59 195
19 61 4
19 64 61
19 66 157
19 68 158
19 69 88
19 71 132
19 72 3
19 73 146
19 75 185
19 84 111
19 85 123
19 86 64
19 92 170
19 96 136
19 99 81
20 1 6
20 4 183
20 5 170
20 6 180
20 10 72
20 12 89
20 13 16
20 14 46
20 18 95
20 19 3
20 21 81
20 24 52
20 25 71
20 26 177
20 29 112
20 30 24
20 31 114
20 33 194
20 34 35
20 36 148
20 37 139
20 38 136
20 39 145
20 40 97
20 41 116
20 43 154
20 45 82
20 46 40
20 48 45
20 50 15
20 52 21
20 54 155
20 57 164
20 59 3
20 60 66
20 65 160
20 69 2
20 70 113
20 73 14
20 74 175
20 75 112
20 78 169
20 79 106
20 80 195
20 85 146
20 87 65
20 88 103
20 89 167
20 90 3
20 91 110
20 95 37
20 98 191
20 99 51
21 2 173
21 4 54
21 6 77
21 7 130
21 8 58
21 10 11
21 15 48
21 17 127
21 20 81
21 22 183
21 26 163
21 27 176
21 28 132
21 30 124
21 31 130
21 32 10
21 33 164
21 35 23
21 36 20
21 38 68
21 41 70
21 43 109
21 44 127
21 47 53
21 48 182
21 49 182
21 50 85
21 52 17
21 54 41
21 58 35
21 59 174
21 60 135
21 61 98
21 62 84
21 63 146
21 65 185
21 69 78
21 70 87
21 71 194
21 76 193
21 77 177
21 79 143
21 80 18
21 82 120
21 84 3
21 87 174
21 88 97
21 90 163
21 91 124
21 92 75
21 93 117
21 98 155
21 99 83
22 8 84
22 10 76
22 12 41
22 14 154
22 15 95
22 16 196
22 18 196
22 21 183
22 28 140
22 29 19
22 30 183
22 31 111
22 33 15
22 34 15
22 35 121
22 36 171
22 41 107
22 42 122
22 43 52
22 45 135
22 46 183
22 48 5
22 51 17
22 56 20
22 58 88
22 59 158
22 60 76
22 61 42
22 64 86
22 66 79
22 68 103
22 69 21
22 70 173
22 71 111
22 72 183
22 73 92
22 74 109
22 76 29
22 77 51
22 78 161
22 83 89
22 85 47
22 86 36
22 88 98
22 90 165
22 91 88
22 94 81
22 96 86
22 98 187
23 1 46
23 4 48
23 6 40
23 8 85
23 9 124
23 10 126
23 11 152
23 13 123
23 16 143
23 17 97
23 19 41
23 24 44
23 28 79
23 29 11
23 31 25
23 32 51
23 34 136
23 35 108
23 36 98
23 37 42
23 38 164
23 39 110
23 42 200
23 43 188
23 45 194
23 47 1
23 49 74
23 51 98
23 53 134
23 55 187
23 56 165
23 58 42
23 60 178
23 62 186
23 64 75
23 66 175
23 67 180
23 68 159
23 73 62
23 74 1
23 76 117
23 77 95
23 79 155
23 81 75
23 82 44
23 84 157
23 86 43
23 88 80
23 91 177
23 94 30
23 95 112
23 98 18
24 1 200
24 2 16
24 8 141
24 10 86
24 11 73
24 13 47
24 16 48
24 17 42
24 18 164
24 20 52
24 23 44
24 25 81
24 26 30
24 28 146
24 31 91
24 32 41
24 33 27
24 34 71
24 36 157
24 37 94
24 38 90
24 39 113
24 44 197
24 45 175
24 46 46
24 48 111
24 50 181
24 52 70
24 53 32
24 54 72
24 55 134
24 57 139
24 58 105
24 59 179
24 61 149
24 62 72
24 65 22
24 66 19
24 68 161
24 70 162
24 71 152
24 72 1
24 73 102
24 76 61
24 83 113
24 89 81
24 90 188
24 93 129
24 94 19
24 97 162
25 1 158
25 3 26
25 5 123
25 6 70
25 8 136
25 9 16
25 11 174
25 12 83
25 15 135
25 16 119
25 17 50
25 18 167
25 20 71
25 24 81
25 30 116
25 31 62
25 32 99
25 33 109
25 34 61
25 36 92
25 40 81
25 44 53
25 46 61
25 47 120
25 48 91
25 49 96
25 53 105
25 56 147
25 57 34
25 59 6
25 64 30
25 66 137
25 67 139
25 70 178
25 72 112
25 74 132
25 75 187
25 78 86
25 81 119
25 84 126
25 86 140
25 88 104
25 89 148
25 92 38
25 93 129
25 94 79
25 95 81
25 96 171
26 5 184
26 9 188
26 10 73
26 11 18
26 12 159
26 15 156
26 16 65
26 20 177
26 21 163
26 24 30
26 27 101
26 32 187
26 35 34
26 36 133
26 37 120
26 41 103
26 48 46
26 49 122
26 57 162
26 59 179
26 62 167
26 64 44
26 66 71
26 71 3
26 73 33
26 75 132
26 76 81
26 78 66
26 83 122
26 84 135
26 88 195
26 92 181
26 95 185
26 96 59
26 97 135
26 99 69
27 1 198
27 9 7
27 10 89
27 13 195
27 14 36
27 16 156
27 19 12
27 21 176
27 26 101
27 28 93
27 29 31
27 32 154
27 35 98
27 36 172
27 38 50
27 39 164
27 40 137
27 41 118
27 44 46
27 47 136
27 53 84
27 54 163
27 56 99
27 57 121
27 59 71
27 61 156
27 62 67
27 64 179
27 65 133
27 67 13
27 68 191
27 69 200
27 70 27
27 71 181
27 73 116
27 74 29
27 78 92
27 84 193
27 85 82
27 86 188
27 88 50
27 90 11
27 91 200
27 92 150
27 93 90
27 95 153
27 96 167
28 6 124
28 8 193
28 9 76
28 11 41
28 13 191
28 15 5
28 18 38
28 21 132
28 22 140
28 23 79
28 24 146
28 27 93
28 29 192
28 30 56
28 41 151
28 43 34
28 45 179
28 46 189
28 50 99
28 52 157
28 54 85
28 58 103
28 60 185
28 61 162
28 63 57
28 67 19
28 68 41
28 69 179
28 72 114
28 76 113
28 77 169
28 78 7
28 80 134
28 81 39
28 84 26
28 89 182
28 91 150
28 92 130
28 98 12
29 1 83
29 7 7
29 9 173
29 13 63
29 14 166
29 15 42
29 16 6
29 20 112
29 22 19
29 23 11
29 27 31
29 28 192
29 30 31
29 32 22
29 34 167
29 35 54
29 37 196
29 39 47
29 40 174
29 42 135
29 44 166
29 46 90
29 47 149
29 52 55
29 53 59
29 54 104
29 57 172
29 58 32
29 59 106
29 61 114
29 62 139
29 63 106
29 64 44
29 65 150
29 66 150
29 67 72
29 68 130
29 69 174
29 71 87
29 72 29
29 74 140
29 75 123
29 76 75
29 80 125
29 82 31
29 85 15
29 86 111
29 87 166
29 90 139
29 91 89
29 96 68
29 97 68
29 98 140
30 1 23
30 4 86
30 5 157
30 8 49
30 10 143
30 11 46
30 14 143
30 15 93
30 16 85
30 18 88
30 20 24
30 21 124
30 22 183
30 25 116
30 28 56
30 29 31
30 32 81
30 34 126
30 38 137
30 39 196
30 41 94
30 42 139
30 44 172
30 45 54
30 47 93
30 50 117
30 51 90
30 52 38
30 53 16
30 55 136
30 56 48
30 58 170
30 59 147
30 62 143
30 64 81
30 66 105
30 69 31
30 75 5
30 76 119
30 77 32
30 80 188
30 81 143
30 82 177
30 84 129
30 85 11
30 86 182
30 88 199
30 89 145
30 90 35
30 91 173
30 92 40
30 93 66
30 94 148
30 95 188
31 1 60
31 5 171
31 9 133
31 11 161
31 12 2
31 13 194
31 14 151
31 16 69
31 18 49
31 19 78
31 20 114
31 21 130
31 22 111
31 23 25
31 24 91
31 25 62
31 33 133
31 34 11
31 35 132
31 36 49
31 38 106
31 39 170
31 40 135
31 41 19
31 44 45
31 45 193
31 46 69
31 47 57
31 50 60
31 51 45
31 52 29
31 53 28
31 56 38
31 58 41
31 61 26
31 62 31
31 63 111
31 66 191
31 72 96
31 73 154
31 74 84
31 78 191
31 79 25
31 81 63
31 82 122
31 83 154
31 85 41
31 89 82
31 92 79
31 94 180
31 98 124
31 99 78
32 2 35
32 5 3
32 6 76
32 8 24
32 9 164
32 10 51
32 11 100
32 14 75
32 15 83
32 19 195
32 21 10
32 23 51
32 24 41
32 25 99
32 26 187
32 27 154
32 29 22
32 30 81
32 34 181
32 35 194
32 36 196
32 39 44
32 40 116
32 41 32
32 42 185
32 44 55
32 45 81
32 52 6
32 54 139
32 58 9
32 59 155
32 62 148
32 66 136
32 67 148
32 71 142
32 72 42
32 73 9
32 74 153
32 78 57
32 80 98
32 81 153
32 82 104
32 83 52
32 87 45
32 93 41
32 94 160
32 95 139
32 96 170
32 97 165
32 98 158
33 1 77
33 2 126
33 5 102
33 8 98
33 10 59
33 13 197
33 17 145
33 19 67
33 20 194
33 21 164
33 22 15
33 24 27
33 25 109
33 31 133
33 35 3
33 36 81
33 37 63
33 40 181
33 43 180
33 44 9
33 45 193
33 48 122
33 51 117
33 53 172
33 57 131
33 58 187
33 59 11
33 64 85
33 66 20
33 68 106
33 69 179
33 71 1
33 72 130
33 73 171
33 78 149
33 79 98
33 80 46
33 81 70
33 82 43
33 83 126
33 84 100
33 87 171
33 88 118
33 89 59
33 90 69
33 91 61
33 94 185
33 96 31
34 3 133
34 6 195
34 9 176
34 11 124
34 13 107
34 14 177
34 17 124
34 18 148
34 19 35
34 20 35
34 22 15
34 23 136
34 24 71
34 25 61
34 29 167
34 30 126
34 31 11
34 32 181
34 36 29
34 38 64
34 41 181
34 42 131
34 47 96
34 48 87
34 52 30
34 54 58
34 56 39
34 59 174
34 60 74
34 62 60
34 65 100
34 67 175
34 69 31
34 70 101
34 71 199
34 73 189
34 74 129
34 77 26
34 78 74
34 79 36
34 81 125
34 83 86
34 85 121
34 86 58
34 87 140
34 88 66
34 89 23
34 90 190
34 91 183
34 92 165
34 93 49
34 95 127
34 97 18
34 98 173
35 1 83
35 3 155
35 4 93
35 6 55
35 7 127
35 10 185
35 13 166
35 14 13
35 16 156
35 18 171
35 19 118
35 21 23
35 22 121
35 23 108
35 26 34
35 27 98
35 29 54
35 31 132
35 32 194
35 33 3
35 37 129
35 39 70
35 40 158
35 42 137
35 43 73
35 45 136
35 46 160
35 48 97
35 52 170
35 53 139
35 55 111
35 56 48
35 58 157
35 59 123
35 66 17
35 67 30
35 68 12
35 70 108
35 72 33
35 73 28
35 74 166
35 78 90
35 79 160
35 83 18
35 84 33
35 85 56
35 86 70
35 89 81
35 92 144
35 96 95
36 1 155
36 2 175
36 3 19
36 7 179
36 12 181
36 14 19
36 16 145
36 17 116
36 19 23
36 20 148
36 21 20
36 22 171
36 23 98
36 24 157
36 25 92
36 26 133
36 27 172
36 31 49
36 32 196
36 33 81
36 34 29
36 38 132
36 39 198
36 40 60
36 41 125
36 42 11
36 43 132
36 45 2
36 49 141
36 50 175
36 57 46
36 60 141
36 61 104
36 65 27
36 66 153
36 67 82
36 69 128
36 71 119
36 73 103
36 74 171
36 75 160
36 77 65
36 78 98
36 79 137
36 81 40
36 83 187
36 84 23
36 85 149
36 87 60
36 88 90
36 90 107
36 92 170
36 93 98
36 95 1
36 97 178
36 99 14
37 5 86
37 6 180
37 7 50
37 14 99
37 16 36
37 17 13
37 18 68
37 19 98
37 20 139
37 23 42
37 24 94
37 26 120
37 29 196
37 33 63
37 35 129
37 38 172
37 42 100
37 45 181
37 46 165
37 47 139
37 49 7
37 52 147
37 58 137
37 59 72
37 61 190
37 62 44
37 63 57
37 69 76
37 70 198
37 71 159
37 73 70
37 79 172
37 80 117
37 82 38
37 83 20
37 84 28
37 85 3
37 90 74
37 91 74
37 92 46
37 94 100
37 97 33
37 98 154
38 2 131
38 3 182
38 8 122
38 9 170
38 11 127
38 13 52
38 16 28
38 17 44
38 19 28
38 20 136
38 21 68
38 23 164
38 24 90
38 27 50
38 30 137
38 31 106
38 34 64
38 36 132
38 37 172
38 40 149
38 41 81
38 43 52
38 44 35
38 46 10
38 47 1
38 49 143
38 53 86
38 55 36
38 57 154
38 59 26
38 60 109
38 63 169
38 64 147
38 65 176
38 66 81
38 67 177
38 68 134
38 69 74
38 72 15
38 74 129
38 76 88
38 80 52
38 81 6
38 83 171
38 84 71
38 85 136
38 87 47
38 88 44
38 89 45
38 91 24
38 93 117
38 96 122
38 97 187
39 1 172
39 4 113
39 6 18
39 10 4
39 11 75
39 12 84
39 13 52
39 16 110
39 17 125
39 19 25
39 20 145
39 23 110
39 24 113
39 27 164
39 29 47
39 30 196
39 31 170
39 32 44
39 35 70
39 36 198
39 40 193
39 41 174
39 45 168
39 46 74
39 47 66
39 48 111
39 50 160
39 53 126
39 59 152
39 63 118
39 65 182
39 66 19
39 68 69
39 69 129
39 70 95
39 71 199
39 72 142
39 78 165
39 79 153
39 82 52
39 83 105
39 85 59
39 86 64
39 87 170
39 90 119
39 91 93
39 92 94
39 97 163
39 98 154
39 99 194
40 1 120
40 2 139
40 3 2
40 5 57
40 6 93
40 7 90
40 10 32
40 13 120
40 14 15
40 16 46
40 17 5
40 20 97
40 25 81
40 27 137
40 29 174
40 31 135
40 32 116
40 33 181
40 35 158
40 36 60
40 38 149
40 39 193
40 41 183
40 43 151
40 44 163
40 45 120
40 47 111
40 48 62
40 49 160
40 50 63
40 52 21
40 56 40
40 58 170
40 60 118
40 61 159
40 63 1
40 64 145
40 67 22
40 69 17
40 70 182
40 71 155
40 74 127
40 76 151
40 78 138
40 85 183
40 88 17
40 91 199
40 92 28
40 94 73
40 96 192
40 97 91
40 98 159
40 99 184
41 2 58
41 5 65
41 8 187
41 9 154
41 10 140
41 12 59
41 13 64
41 14 82
41 15 10
41 16 8
41 17 126
41 18 159
41 19 91
41 20 116
41 21 70
41 22 107
41 26 103
41 27 118
41 28 151
41 30 94
41 31 19
41 32 32
41 34 181
41 36 125
41 38 81
41 39 174
41 40 183
41 42 36
41 43 172
41 44 52
41 46 45
41 47 146
41 48 71
41 50 40
41 52 149
41 53 68
41 54 181
41 56 80
41 57 160
41 58 127
41 61 145
41 64 67
41 65 54
41 66 41
41 72 77
41 73 82
41 74 56
41 75 116
41 77 184
41 79 123
41 83 148
41 84 168
41 85 157
41 86 56
41 87 100
41 89 134
41 91 164
41 93 2
41 94 192
41 96 86
41 97 189
41 98 72
42 2 191
42 3 190
42 4 169
42 5 187
42 8 198
42 11 42
42 13 152
42 14 139
42 16 52
42 17 99
42 18 53
42 19 13
42 22 122
42 23 200
42 29 135
42 30 139
42 32 185
42 34 131
42 35 137
42 36 11
42 37 100
42 41 36
42 43 192
42 44 132
42 45 15
42 47 65
42 50 61
42 51 192
42 56 102
42 57 104
42 58 182
42 59 103
42 62 153
42 63 18
42 65 167
42 66 169
42 67 125
42 68 116
42 70 37
42 73 85
42 75 126
42 78 7
42 79 56
42 80 161
42 81 30
42 85 107
42 86 22
42 90 10
42 91 117
42 96 162
42 98 84
43 2 74
43 3 173
43 5 30
43 8 139
43 9 179
43 10 157
43 11 199
43 13 130
43 14 29
43 16 113
43 18 46
43 19 26
43 20 154
43 21 109
43 22 52
43 23 188
43 28 34
43 33 180
43 35 73
43 36 132
43 38 52
43 40 151
43 41 172
43 42 192
43 44 107
43 45 32
43 46 33
43 48 178
43 50 87
43 51 150
43 53 186
43 54 184
43 55 141
43 56 29
43 59 103
43 60 135
43 68 185
43 73 77
43 74 179
43 75 24
43 80 72
43 82 139
43 85 172
43 87 116
43 89 139
43 91 103
43 93 98
43 95 73
43 97 172
44 1 69
44 2 200
44 7 78
44 8 131
44 10 97
44 12 192
44 13 74
44 15 138
44 16 53
44 21 127
44 24 197
44 25 53
44 27 46
44 29 166
44 30 172
44 31 45
44 32 55
44 33 9
44 38 35
44 40 163
44 41 52
44 42 132
44 43 107
44 45 34
44 47 194
44 48 35
44 50 144
44 51 185
44 52 109
44 53 42
44 55 50
44 57 85
44 58 102
44 59 164
44 60 83
44 61 75
44 64 170
44 65 11
44 69 144
44 72 89
44 76 96
44 77 48
44 78 18
44 79 33
44 83 145
44 84 86
44 85 17
44 86 47
44 91 36
44 92 17
44 93 175
44 97 110
44 99 51
45 1 172
45 3 82
45 4 94
45 6 112
45 7 160
45 8 86
45 10 85
45 11 51
45 13 82
45 14 58
45 16 91
45 17 73
45 18 2
45 19 173
45 20 82
45 22 135
45 23 194
45 24 175
45 28 179
45 30 54
45 31 193
45 32 81
45 33 193
45 35 136
45 36 2
45 37 181
45 39 168
45 40 120
45 42 15
45 43 32
45 44 34
45 46 123
45 47 107
45 48 121
45 54 134
45 55 110
45 57 128
45 58 68
45 61 72
45 65 89
45 67 176
45 68 32
45 69 184
45 70 192
45 71 156
45 72 61
45 73 68
45 74 96
45 75 181
45 76 14
45 77 133
45 78 111
45 79 77
45 82 70
45 83 22
45 85 15
45 86 127
45 88 162
45 89 115
45 91 139
45 94 192
45 95 122
45 98 75
46 1 31
46 2 147
46 6 19
46 7 5
46 8 90
46 12 30
46 13 102
46 15 143
46 17 29
46 18 2
46 19 50
46 20 40
46 22 183
46 24 46
46 25 61
46 28 189
46 29 90
46 31 69
46 35 160
46 37 165
46 38 10
46 39 74
46 41 45
46 43 33
46 45 123
46 47 9
46 48 157
46 49 85
46 51 59
46 54 148
46 55 182
46 57 186
46 60 89
46 61 52
46 64 123
46 66 162
46 67 189
46 72 172
46 74 180
46 75 24
46 76 94
46 78 24
46 80 93
46 81 139
46 83 132
46 84 89
46 85 71
46 89 96
46 90 198
46 92 156
46 94 67
46 99 13
47 2 169
47 3 124
47 8 183
47 10 34
47 11 149
47 12 8
47 13 14
47 14 81
47 18 44
47 19 159
47 21 53
47 23 1
47 25 120
47 27 136
47 29 149
47 30 93
47 31 57
47 34 96
47 37 139
47 38 1
47 39 66
47 40 111
47 41 146
47 42 65
47 44 194
47 45 107
47 46 9
47 52 176
47 53 132
47 54 64
47 57 110
47 62 50
47 64 147
47 65 152
47 66 77
47 67 5
47 69 101
47 70 54
47 71 56
47 73 185
47 74 124
47 75 101
47 79 183
47 81 144
47 82 53
47 84 171
47 86 144
47 87 17
47 88 136
47 89 145
47 94 96
47 95 184
48 4 184
48 8 8
48 10 179
48 11 154
48 12 179
48 14 131
48 15 47
48 17 166
48 18 140
48 20 45
48 21 182
48 22 5
48 24 111
48 25 91
48 26 46
48 33 122
48 34 87
48 35 97
48 39 111
48 40 62
48 41 71
48 43 178
48 44 35
48 45 121
48 46 157
48 49 7
48 50 180
48 52 87
48 53 169
48 57 169
48 58 107
48 59 130
48 60 69
48 62 52
48 64 90
48 68 144
48 69 49
48 70 110
48 71 83
48 76 106
48 78 193
48 80 138
48 85 122
48 86 163
48 87 8
48 90 155
48 91 109
48 95 46
48 99 57
49 1 136
49 3 34
49 6 126
49 7 27
49 9 42
49 12 163
49 13 75
49 14 190
49 16 35
49 17 80
49 19 167
49 21 182
49 23 74
49 25 96
49 26 122
49 36 141
49 37 7
49 38 143
49 40 160
49 46 85
49 48 7
49 50 145
49 51 32
49 52 104
49 55 92
49 57 82
49 59 79
49 60 80
49 61 152
49 62 84
49 63 94
49 64 99
49 65 120
49 67 43
49 69 114
49 70 136
49 71 13
49 72 144
49 76 85
49 78 78
49 80 55
49 83 160
49 84 11
49 85 36
49 86 39
49 87 83
49 88 43
49 89 47
49 94 117
49 99 23
50 1 65
50 2 112
50 4 117
50 5 146
50 6 168
50 9 172
50 13 149
50 18 163
50 19 44
50 20 15
50 21 85
50 24 181
50 28 99
50 30 117
50 31 60
50 36 175
50 39 160
50 40 63
50 41 40
50 42 61
50 43 87
50 44 144
50 48 180
50 49 145
50 51 82
50 53 29
50 54 32
50 55 76
50 57 78
50 58 70
50 60 114
50 61 109
50 63 39
50 64 30
50 65 114
50 66 197
50 67 171
50 68 154
50 71 177
50 72 5
50 74 136
50 75 123
50 76 139
50 79 165
50 81 30
50 83 143
50 84 35
50 86 97
50 89 56
50 90 44
50 91 63
50 95 93
50 96 117
50 99 85
51 2 196
51 3 68
51 4 176
51 6 18
51 9 74
51 14 81
51 16 25
51 19 55
51 22 17
51 23 98
51 30 90
51 31 45
51 33 117
51 42 192
51 43 150
51 44 185
51 46 59
51 49 32
51 50 82
51 52 44
51 53 67
51 54 146
51 60 120
51 62 47
51 64 174
51 68 194
51 69 56
51 70 4
51 75 112
51 77 199
51 80 193
51 81 186
51 82 192
51 85 146
51 86 138
51 87 169
51 88 49
51 90 115
51 96 60
52 8 74
52 9 177
52 11 171
52 12 194
52 15 170
52 17 178
52 18 83
52 20 21
52 21 17
52 24 70
52 28 157
52 29 55
52 30 38
52 31 29
52 32 6
52 34 30
52 35 170
52 37 147
52 40 21
52 41 149
52 44 109
52 47 176
52 48 87
52 49 104
52 51 44
52 53 147
52 57 25
52 58 116
52 59 55
52 60 162
52 61 184
52 66 122
52 68 52
52 69 2
52 70 145
52 71 73
52 72 44
52 74 196
52 75 64
52 76 82
52 80 165
52 81 92
52 83 114
52 84 160
52 85 73
52 86 21
52 92 143
52 95 140
53 2 44
53 3 45
53 5 95
53 6 190
53 8 48
53 9 37
53 10 66
53 11 197
53 16 195
53 19 14
53 23 134
53 24 32
53 25 105
53 27 84
53 29 59
53 30 16
53 31 28
53 33 172
53 35 139
53 38 86
53 39 126
53 41 68
53 43 186
53 44 42
53 47 132
53 48 169
53 50 29
53 51 67
53 52 147
53 54 138
53 55 135
53 56 1
53 57 196
53 58 152
53 63 66
53 64 153
53 69 195
53 71 161
53 72 49
53 73 160
53 75 133
53 80 185
53 82 146
53 84 163
53 85 101
53 95 58
54 4 15
54 7 156
54 10 36
54 12 2
54 14 102
54 15 40
54 16 199
54 17 132
54 20 155
54 21 41
54 24 72
54 27 163
54 28 85
54 29 104
54 32 139
54 34 58
54 41 181
54 43 184
54 45 134
54 46 148
54 47 64
54 50 32
54 51 146
54 53 138
54 56 192
54 57 103
54 60 3
54 61 183
54 63 188
54 64 107
54 65 104
54 67 52
54 69 99
54 71 92
54 72 135
54 73 165
54 74 111
54 75 34
54 76 62
54 77 95
54 80 102
54 82 86
54 86 98
54 87 18
54 88 36
54 89 75
54 90 142
54 94 161
54 95 9
54 98 48
54 99 86
55 1 95
55 3 192
55 6 50
55 8 126
55 9 60
55 11 149
55 12 19
55 13 70
55 15 46
55 16 153
55 19 135
55 23 187
55 24 134
55 30 136
55 35 111
55 38 36
55 43 141
55 44 50
55 45 110
55 46 182
55 49 92
55 50 76
55 53 135
55 59 92
55 60 10
55 61 50
55 63 59
55 68 141
55 73 60
55 74 47
55 75 118
55 76 76
55 78 19
55 79 182
55 80 29
55 81 12
55 84 86
55 86 116
55 87 105
55 92 107
55 94 150
55 95 165
55 96 55
55 98 121
56 1 41
56 13 174
56 15 44
56 18 87
56 19 120
56 22 20
56 23 165
56 25 147
56 27 99
56 30 48
56 31 38
56 34 39
56 35 48
56 40 40
56 41 80
56 42 102
56 43 29
56 53 1
56 54 192
56 57 110
56 59 116
56 64 102
56 65 58
56 67 18
56 70 186
56 71 30
56 73 87
56 75 167
56 76 177
56 79 178
56 81 101
56 82 185
56 83 133
56 86 173
56 89 61
56 90 141
56 91 190
56 93 43
56 94 76
56 98 36
57 3 40
57 4 184
57 7 81
57 9 166
57 11 65
57 12 30
57 13 184
57 14 169
57 15 96
57 17 35
57 20 164
57 24 139
57 25 34
57 26 162
57 27 121
57 29 172
57 33 131
57 36 46
57 38 154
57 41 160
57 42 104
57 44 85
57 45 128
57 46 186
57 47 110
57 48 169
57 49 82
57 50 78
57 52 25
57 53 196
57 54 103
57 56 110
57 62 157
57 63 50
57 65 173
57 67 162
57 68 152
57 71 116
57 75 185
57 76 25
57 80 104
57 81 117
57 86 138
57 89 84
57 90 21
57 94 62
57 98 42
58 1 162
58 3 174
58 5 115
58 8 105
58 11 176
58 13 100
58 14 122
58 16 22
58 17 95
58 18 15
58 21 35
58 22 88
58 23 42
58 24 105
58 28 103
58 29 32
58 30 170
58 31 41
58 32 9
58 33 187
58 35 157
58 37 137
58 40 170
58 41 127
58 42 182
58 44 102
58 45 68
58 48 107
58 50 70
58 52 116
58 53 152
58 59 153
58 60 5
58 61 6
58 62 61
58 63 125
58 64 142
58 65 21
58 67 154
58 69 77
58 74 157
58 77 6
58 78 35
58 81 176
58 84 60
58 86 191
58 88 1
58 89 35
58 90 174
58 93 112
58 97 130
58 99 108
59 2 153
59 3 59
59 5 65
59 7 92
59 8 118
59 9 176
59 10 89
59 13 80
59 14 41
59 16 112
59 17 10
59 19 195
59 20 3
59 21 174
59 22 158
59 24 179
59 25 6
59 26 179
59 27 71
59 29 106
59 30 147
59 32 155
59 33 11
59 34 174
59 35 123
59 37 72
59 38 26
59 39 152
59 42 103
59 43 103
59 44 164
59 48 130
59 49 79
59 52 55
59 55 92
59 56 116
59 58 153
59 60 54
59 63 49
59 65 47
59 67 20
59 69 167
59 70 88
59 72 133
59 74 177
59 75 136
59 77 110
59 82 139
59 83 82
59 85 40
59 86 11
59 89 46
59 92 101
59 97 70
59 98 11
60 1 38
60 3 131
60 6 132
60 7 89
60 12 177
60 15 95
60 16 171
60 20 66
60 21 135
60 22 76
60 23 178
60 28 185
60 34 74
60 36 141
60 38 109
60 40 118
60 43 135
60 44 83
60 46 89
60 48 69
60 49 80
60 50 114
60 51 120
60 52 162
60 54 3
60 55 10
60 58 5
60 59 54
60 63 48
60 64 37
60 65 72
60 66 152
60 67 75
60 69 167
60 70 62
60 71 167
60 73 135
60 74 178
60 75 30
60 78 129
60 81 139
60 82 68
60 83 58
60 84 63
60 88 108
60 89 142
60 90 177
60 92 28
60 93 174
60 98 61
60 99 107
61 1 151
61 6 167
61 7 109
61 10 155
61 14 190
61 15 37
61 17 94
61 18 152
61 19 4
61 21 98
61 22 42
61 24 149
61 27 156
61 28 162
61 29 114
61 31 26
61 36 104
61 37 190
61 40 159
61 41 145
61 44 75
61 45 72
61 46 52
61 49 152
61 50 109
61 52 184
61 54 183
61 55 50
61 58 6
61 66 43
61 69 60
61 70 29
61 71 41
61 75 140
61 77 88
61 80 119
61 81 33
61 82 66
61 83 16
61 84 154
61 85 77
61 86 96
61 88 71
61 90 149
61 91 7
61 99 144
62 1 194
62 2 28
62 4 4
62 6 157
62 7 175
62 8 189
62 10 74
62 11 94
62 13 118
62 17 153
62 18 110
62 21 84
62 23 186
62 24 72
62 26 167
62 27 67
62 29 139
62 30 143
62 31 31
62 32 148
62 34 60
62 37 44
62 42 153
62 47 50
62 48 52
62 49 84
62 51 47
62 57 157
62 58 61
62 64 41
62 65 67
62 69 48
62 70 85
62 72 178
62 74 126
62 76 157
62 77 7
62 78 142
62 79 64
62 82 122
62 86 99
62 90 144
62 92 69
62 93 13
62 95 67
62 96 49
62 97 148
62 98 9
63 1 178
63 3 167
63 4 196
63 5 43
63 6 69
63 8 62
63 11 175
63 15 12
63 17 26
63 18 31
63 21 146
63 28 57
63 29 106
63 31 111
63 37 57
63 38 169
63 39 118
63 40 1
63 42 18
63 49 94
63 50 39
63 53 66
63 54 188
63 55 59
63 57 50
63 58 125
63 59 49
63 60 48
63 65 151
63 66 129
63 67 53
63 68 140
63 71 118
63 73 142
63 75 5
63 76 50
63 78 115
63 79 128
63 81 195
63 82 149
63 90 36
63 93 191
63 94 199
63 95 125
63 97 146
63 98 197
64 3 31
64 4 176
64 6 77
64 7 120
64 9 41
64 11 11
64 14 158
64 15 191
64 19 61
64 22 86
64 23 75
64 25 30
64 26 44
64 27 179
64 29 44
64 30 81
64 33 85
64 38 147
64 40 145
64 41 67
64 44 170
64 46 123
64 47 147
64 48 90
64 49 99
64 50 30
64 51 174
64 53 153
64 54 107
64 56 102
64 58 142
64 60 37
64 62 41
64 65 74
64 67 119
64 68 104
64 69 21
64 70 140
64 71 138
64 72 85
64 73 104
64 74 13
64 75 124
64 77 70
64 83 136
64 84 137
64 86 105
64 88 53
64 91 119
64 93 63
64 95 92
64 99 47
65 2 59
65 3 140
65 6 126
65 10 116
65 11 117
65 13 43
65 15 67
65 18 115
65 20 160
65 21 185
65 24 22
65 27 133
65 29 150
65 34 100
65 36 27
65 38 176
65 39 182
65 41 54
65 42 167
65 44 11
65 45 89
65 47 152
65 49 120
65 50 114
65 54 104
65 56 58
65 57 173
65 58 21
65 59 47
65 60 72
65 62 67
65 63 151
65 64 74
65 66 41
65 68 180
65 70 29
65 71 83
65 72 52
65 78 5
65 79 93
65 82 11
65 87 171
65 88 151
65 90 118
65 92 25
65 96 162
65 98 173
66 1 197
66 2 11
66 4 141
66 6 43
66 7 87
66 10 24
66 11 79
66 13 115
66 14 66
66 16 6
66 17 42
66 18 46
66 19 157
66 22 79
66 23 175
66 24 19
66 25 137
66 26 71
66 29 150
66 30 105
66 31 191
66 32 136
66 33 20
66 35 17
66 36 153
66 38 81
66 39 19
66 41 41
66 42 169
66 46 162
66 47 77
66 50 197
66 52 122
66 60 152
66 61 43
66 63 129
66 65 41
66 67 74
66 69 104
66 71 78
66 74 182
66 75 35
66 77 153
66 79 137
66 80 32
66 83 38
66 85 37
66 90 155
66 91 84
66 92 126
66 93 117
66 94 2
66 95 121
66 98 99
67 3 109
67 4 55
67 7 174
67 8 131
67 9 55
67 11 52
67 12 41
67 13 146
67 15 117
67 16 190
67 17 184
67 23 180
67 25 139
67 27 13
67 28 19
67 29 72
67 32 148
67 34 175
67 35 30
67 36 82
67 38 177
67 40 22
67 42 125
67 45 176
67 46 189
67 47 5
67 49 43
67 50 171
67 54 52
67 56 18
67 57 162
67 58 154
67 59 20
67 60 75
67 63 53
67 64 119
67 66 74
67 69 67
67 70 47
67 73 42
67 74 89
67 75 197
67 76 155
67 77 189
67 80 71
67 81 130
67 83 173
67 84 35
67 88 179
67 90 100
67 91 101
67 93 103
67 94 96
67 96 170
67 98 50
67 99 24
68 2 200
68 3 78
68 6 129
68 11 111
68 12 143
68 14 161
68 15 163
68 16 91
68 18 124
68 19 158
68 22 103
68 23 159
68 24 161
68 27 191
68 28 41
68 29 130
68 33 106
68 35 12
68 38 134
68 39 69
68 42 116
68 43 185
68 45 32
68 48 144
68 50 154
68 51 194
68 52 52
68 55 141
68 57 152
68 63 140
68 64 104
68 65 180
68 71 96
68 73 116
68 74 166
68 75 172
68 77 197
68 80 75
68 82 151
68 84 148
68 87 7
68 89 151
68 98 123
69 1 4
69 2 75
69 3 92
69 5 43
69 6 109
69 9 142
69 10 180
69 11 82
69 12 141
69 14 153
69 15 28
69 18 191
69 19 88
69 20 2
69 21 78
69 22 21
69 27 200
69 28 179
69 29 174
69 30 31
69 33 179
69 34 31
69 36 128
69 37 76
69 38 74
69 39 129
69 40 17
69 44 144
69 45 184
69 47 101
69 48 49
69 49 114
69 51 56
69 52 2
69 53 195
69 54 99
69 58 77
69 59 167
69 60 167
69 61 60
69 62 48
69 64 21
69 66 104
69 67 67
69 71 15
69 72 8
69 76 43
69 80 88
69 81 45
69 84 37
69 88 102
69 92 2
69 94 94
69 96 3
69 98 136
70 2 138
70 3 100
70 6 147
70 14 3
70 15 181
70 18 138
70 20 113
70 21 87
70 22 173
70 24 162
70 25 178
70 27 27
70 34 101
70 35 108
70 37 198
70 39 95
70 40 182
70 42 37
70 45 192
70 47 54
70 48 110
70 49 136
70 51 4
70 52 145
70 56 186
70 59 88
70 60 62
70 61 29
70 62 85
70 64 140
70 65 29
70 67 47
70 71 99
70 72 199
70 73 48
70 76 94
70 78 19
70 81 29
70 85 36
70 90 140
70 91 119
70 92 66
70 94 66
70 96 117
71 1 24
71 2 149
71 3 151
71 6 116
71 8 60
71 9 113
71 11 134
71 13 79
71 15 44
71 18 115
71 19 132
71 21 194
71 22 111
71 24 152
71 26 3
71 27 181
71 29 87
71 32 142
71 33 1
71 34 199
71 36 119
71 37 159
71 39 199
71 40 155
71 45 156
71 47 56
71 48 83
71 49 13
71 50 177
71 52 73
71 53 161
71 54 92
71 56 30
71 57 116
71 60 167
71 61 41
71 63 118
71 64 138
71 65 83
71 66 78
71 68 96
71 69 15
71 70 99
71 74 78
71 76 21
71 80 66
71 81 182
71 83 84
71 89 143
71 90 11
71 91 149
71 93 140
71 94 28
71 95 193
71 96 25
71 99 101
72 2 10
72 5 181
72 6 138
72 8 13
72 9 93
72 10 183
72 11 46
72 17 159
72 18 158
72 19 3
72 22 183
72 24 1
72 25 112
72 28 114
72 29 29
72 31 96
72 32 42
72 33 130
72 35 33
72 38 15
72 39 142
72 41 77
72 44 89
72 45 61
72 46 172
72 49 144
72 50 5
72 52 44
72 53 49
72 54 135
72 59 133
72 62 178
72 64 85
72 65 52
72 69 8
72 70 199
72 75 64
72 76 193
72 77 61
72 78 198
72 83 97
72 84 95
72 93 195
72 95 134
72 97 66
73 6 115
73 7 137
73 8 64
73 9 48
73 11 5
73 13 115
73 14 183
73 15 39
73 16 80
73 18 130
73 19 146
73 20 14
73 22 92
73 23 62
73 24 102
73 26 33
73 27 116
73 31 154
73 32 9
73 33 171
73 34 189
73 35 28
73 36 103
73 37 70
73 41 82
73 42 85
73 43 77
73 45 68
73 47 185
73 53 160
73 54 165
73 55 60
73 56 87
73 60 135
73 63 142
73 64 104
73 67 42
73 68 116
73 70 48
73 79 146
73 80 131
73 82 92
73 84 115
73 85 113
73 89 43
73 91 130
73 92 139
73 97 83
74 3 109
74 5 63
74 6 58
74 8 90
74 10 116
74 13 59
74 14 17
74 20 175
74 22 109
74 23 1
74 25 132
74 27 29
74 29 140
74 31 84
74 32 153
74 34 129
74 35 166
74 36 171
74 38 129
74 40 127
74 41 56
74 43 179
74 45 96
74 46 180
74 47 124
74 50 136
74 52 196
74 54 111
74 55 47
74 58 157
74 59 177
74 60 178
74 62 126
74 64 13
74 66 182
74 67 89
74 68 166
74 71 78
74 77 8
74 82 74
74 83 52
74 84 152
74 85 143
74 87 48
74 89 2
74 91 27
74 95 84
74 96 57
74 98 69
74 99 67
75 1 53
75 2 69
75 4 37
75 9 58
75 10 164
75 11 78
75 12 184
75 13 164
75 14 131
75 16 150
75 17 171
75 19 185
75 20 112
75 25 187
75 26 132
75 29 123
75 30 5
75 36 160
75 41 116
75 42 126
75 43 24
75 45 181
75 46 24
75 47 101
75 50 123
75 51 112
75 52 64
75 53 133
75 54 34
75 55 118
75 56 167
75 57 185
75 59 136
75 60 30
75 61 140
75 63 5
75 64 124
75 66 35
75 67 197
75 68 172
75 72 64
75 76 63
75 77 22
75 79 155
75 80 75
75 84 1
75 85 184
75 86 177
75 89 34
75 92 79
75 93 191
75 97 62
75 99 184
76 1 194
76 2 69
76 3 6
76 5 107
76 7 189
76 8 144
76 9 21
76 13 27
76 14 65
76 16 179
76 18 138
76 21 193
76 22 29
76 23 117
76 24 61
76 26 81
76 28 113
76 29 75
76 30 119
76 38 88
76 40 151
76 44 96
76 45 14
76 46 94
76 48 106
76 49 85
76 50 139
76 52 82
76 54 62
76 55 76
76 56 177
76 57 25
76 62 157
76 63 50
76 67 155
76 69 43
76 70 94
76 71 21
76 72 193
76 75 63
76 80 62
76 85 38
76 86 119
76 91 162
76 95 12
76 96 199
76 97 72
77 4 137
77 5 80
77 6 109
77 8 58
77 10 51
77 11 160
77 12 131
77 14 9
77 17 162
77 18 143
77 21 177
77 22 51
77 23 95
77 28 169
77 30 32
77 34 26
77 36 65
77 41 184
77 44 48
77 45 133
77 51 199
77 54 95
77 58 6
77 59 110
77 61 88
77 62 7
77 64 70
77 66 153
77 67 189
77 68 197
77 72 61
77 74 8
77 75 22
77 80 41
77 81 121
77 84 188
77 85 24
77 88 68
77 89 55
77 93 181
77 94 12
77 96 163
77 99 104
78 1 157
78 3 131
78 5 111
78 7 184
78 9 87
78 13 42
78 14 185
78 16 150
78 20 169
78 22 161
78 25 86
78 26 66
78 27 92
78 28 7
78 31 191
78 32 57
78 33 149
78 34 74
78 35 90
78 36 98
78 39 165
78 40 138
78 42 7
78 44 18
78 45 111
78 46 24
78 48 193
78 49 78
78 55 19
78 58 35
78 60 129
78 62 142
78 63 115
78 65 5
78 70 19
78 72 198
78 79 50
78 80 160
78 81 19
78 83 102
78 84 34
78 85 176
78 87 48
78 90 48
78 91 106
78 92 134
78 93 100
78 94 148
78 98 123
79 2 13
79 3 151
79 6 169
79 8 21
79 12 118
79 13 6
79 14 35
79 15 168
79 16 186
79 20 106
79 21 143
79 23 155
79 31 25
79 33 98
79 34 36
79 35 160
79 36 137
79 37 172
79 39 153
79 41 123
79 42 56
79 44 33
79 45 77
79 47 183
79 50 165
79 55 182
79 56 178
79 62 64
79 63 128
79 65 93
79 66 137
79 73 146
79 75 155
79 78 50
79 81 146
79 82 65
79 83 136
79 84 91
79 87 168
79 88 12
79 89 48
79 90 36
79 91 80
79 92 48
79 96 186
79 98 110
79 99 72
80 1 45
80 3 84
80 7 21
80 8 88
80 9 109
80 10 145
80 11 94
80 17 194
80 20 195
80 21 18
80 28 134
80 29 125
80 30 188
80 32 98
80 33 46
80 37 117
80 38 52
80 42 161
80 43 72
80 46 93
80 48 138
80 49 55
80 51 193
80 52 165
80 53 185
80 54 102
80 55 29
80 57 104
80 61 119
80 66 32
80 67 71
80 68 75
80 69 88
80 71 66
80 73 131
80 75 75
80 76 62
80 77 41
80 78 160
80 81 159
80 83 106
80 87 47
80 88 121
80 89 141
80 92 66
80 93 11
80 94 100
80 96 61
80 98 184
81 1 186
81 3 116
81 6 56
81 7 12
81 8 3
81 9 150
81 11 22
81 12 11
81 14 30
81 15 150
81 16 101
81 17 56
81 23 75
81 25 119
81 28 39
81 30 143
81 31 63
81 32 153
81 33 70
81 34 125
81 36 40
81 38 6
81 42 30
81 46 139
81 47 144
81 50 30
81 51 186
81 52 92
81 55 12
81 56 101
81 57 117
81 58 176
81 60 139
81 61 33
81 63 195
81 67 130
81 69 45
81 70 29
81 71 182
81 77 121
81 78 19
81 79 146
81 80 159
81 84 182
81 92 12
81 99 68
82 1 24
82 2 174
82 3 116
82 4 125
82 6 49
82 7 99
82 8 14
82 9 43
82 10 16
82 13 54
82 15 135
82 16 194
82 17 32
82 21 120
82 23 44
82 29 31
82 30 177
82 31 122
82 32 104
82 33 43
82 37 38
82 39 52
82 43 139
82 45 70
82 47 53
82 51 192
82 53 146
82 54 86
82 56 185
82 59 139
82 60 68
82 61 66
82 62 122
82 63 149
82 65 11
82 68 151
82 73 92
82 74 74
82 79 65
82 88 56
82 89 73
82 90 132
82 91 103
82 93 83
82 94 133
82 95 42
82 96 73
82 97 18
82 98 89
82 99 79
83 2 3
83 4 5
83 5 123
83 7 12
83 8 163
83 9 62
83 15 191
83 16 122
83 17 5
83 18 150
83 22 89
83 24 113
83 26 122
83 31 154
83 32 52
83 33 126
83 34 86
83 35 18
83 36 187
83 37 20
83 38 171
83 39 105
83 41 148
83 44 145
83 45 22
83 46 132
83 49 160
83 50 143
83 52 114
83 56 133
83 59 82
83 60 58
83 61 16
83 64 136
83 66 38
83 67 173
83 71 84
83 72 97
83 74 52
83 78 102
83 79 136
83 80 106
83 85 181
83 87 41
83 90 97
83 95 75
83 96 22
83 98 77
83 99 64
84 3 123
84 5 172
84 6 98
84 7 93
84 10 101
84 11 25
84 13 193
84 17 11
84 18 159
84 19 111
84 21 3
84 23 157
84 25 126
84 26 135
84 27 193
84 28 26
84 30 129
84 33 100
84 35 33
84 36 23
84 37 28
84 38 71
84 41 168
84 44 86
84 46 89
84 47 171
84 49 11
84 50 35
84 52 160
84 53 163
84 55 86
84 58 60
84 60 63
84 61 154
84 64 137
84 67 35
84 68 148
84 69 37
84 72 95
84 73 115
84 74 152
84 75 1
84 77 188
84 78 34
84 79 91
84 81 182
84 85 76
84 86 192
84 89 156
84 92 193
84 93 42
84 96 199
84 97 164
84 98 63
85 1 140
85 2 6
85 4 4
85 5 69
85 6 191
85 9 22
85 13 177
85 14 102
85 17 54
85 18 127
85 19 123
85 20 146
85 22 47
85 27 82
85 29 15
85 30 11
85 31 41
85 34 121
85 35 56
85 36 149
85 37 3
85 38 136
85 39 59
85 40 183
85 41 157
85 42 107
85 43 172
85 44 17
85 45 15
85 46 71
85 48 122
85 49 36
85 51 146
85 52 73
85 53 101
85 59 40
85 61 77
85 66 37
85 70 36
85 73 113
85 74 143
85 75 184
85 76 38
85 77 24
85 78 176
85 83 181
85 84 76
85 86 15
85 87 141
85 91 94
85 93 154
85 96 192
85 98 183
86 2 160
86 4 5
86 5 49
86 7 69
86 8 104
86 9 169
86 10 22
86 11 169
86 13 127
86 14 109
86 17 170
86 18 187
86 19 64
86 22 36
86 23 43
86 25 140
86 27 188
86 29 111
86 30 182
86 34 58
86 35 70
86 39 64
86 41 56
86 42 22
86 44 47
86 45 127
86 47 144
86 48 163
86 49 39
86 50 97
86 51 138
86 52 21
86 54 98
86 55 116
86 56 173
86 57 138
86 58 191
86 59 11
86 61 96
86 62 99
86 64 105
86 75 177
86 76 119
86 84 192
86 85 15
86 87 119
86 89 106
86 90 30
86 92 198
86 94 142
86 96 66
86 97 157
86 98 57
86 99 100
87 2 21
87 3 198
87 5 105
87 8 2
87 9 86
87 13 31
87 14 30
87 15 75
87 17 65
87 18 184
87 20 65
87 21 174
87 29 166
87 32 45
87 33 171
87 34 140
87 36 60
87 38 47
87 39 170
87 41 100
87 43 116
87 47 17
87 48 8
87 49 83
87 51 169
87 54 18
87 55 105
87 65 171
87 68 7
87 74 48
87 78 48
87 79 168
87 80 47
87 83 41
87 85 141
87 86 119
87 88 27
87 89 11
87 94 200
87 95 44
87 96 11
87 97 130
88 2 100
88 3 36
88 4 199
88 6 113
88 9 166
88 10 9
88 11 33
88 13 60
88 14 55
88 15 10
88 16 129
88 18 108
88 20 103
88 21 97
88 22 98
88 23 80
88 25 104
88 26 195
88 27 50
88 30 199
88 33 118
88 34 66
88 36 90
88 38 44
88 40 17
88 45 162
88 47 136
88 49 43
88 51 49
88 54 36
88 58 1
88 60 108
88 61 71
88 64 53
88 65 151
88 67 179
88 69 102
88 77 68
88 79 12
88 80 121
88 82 56
88 87 27
88 89 26
88 92 149
88 94 12
88 96 25
88 97 56
89 1 126
89 2 70
89 5 166
89 9 152
89 14 140
89 15 56
89 17 68
89 18 14
89 20 167
89 24 81
89 25 148
89 28 182
89 30 145
89 31 82
89 33 59
89 34 23
89 35 81
89 38 45
89 41 134
89 43 139
89 45 115
89 46 96
89 47 145
89 49 47
89 50 56
89 54 75
89 56 61
89 57 84
89 58 35
89 59 46
89 60 142
89 68 151
89 71 143
89 73 43
89 74 2
89 75 34
89 77 55
89 79 48
89 80 141
89 82 73
89 84 156
89 86 106
89 87 11
89 88 26
89 90 145
89 92 133
89 95 6
89 98 24
89 99 181
90 1 150
90 4 172
90 5 90
90 6 110
90 9 13
90 10 144
90 12 153
90 16 136
90 17 148
90 18 139
90 20 3
90 21 163
90 22 165
90 24 188
90 27 11
90 29 139
90 30 35
90 33 69
90 34 190
90 36 107
90 37 74
90 39 119
90 42 10
90 46 198
90 48 155
90 50 44
90 51 115
90 54 142
90 56 141
90 57 21
90 58 174
90 60 177
90 61 149
90 62 144
90 63 36
90 65 118
90 66 155
90 67 100
90 70 140
90 71 11
90 78 48
90 79 36
90 82 132
90 83 97
90 86 30
90 89 145
90 91 146
90 93 29
90 97 41
90 98 33
91 1 55
91 2 143
91 8 132
91 13 165
91 14 16
91 16 186
91 20 110
91 21 124
91 22 88
91 23 177
91 27 200
91 28 150
91 29 89
91 30 173
91 33 61
91 34 183
91 37 74
91 38 24
91 39 93
91 40 199
91 41 164
91 42 117
91 43 103
91 44 36
91 45 139
91 48 109
91 50 63
91 56 190
91 61 7
91 64 119
91 66 84
91 67 101
91 70 119
91 71 149
91 73 130
91 74 27
91 76 162
91 78 106
91 79 80
91 82 103
91 85 94
91 90 146
91 93 16
91 96 32
91 97 49
91 98 149
91 99 85
92 1 33
92 2 38
92 3 78
92 5 74
92 6 52
92 10 174
92 19 170
92 21 75
92 25 38
92 26 181
92 27 150
92 28 130
92 30 40
92 31 79
92 34 165
92 35 144
92 36 170
92 37 46
92 39 94
92 40 28
92 44 17
92 46 156
92 52 143
92 55 107
92 59 101
92 60 28
92 62 69
92 65 25
92 66 126
92 69 2
92 70 66
92 73 139
92 75 79
92 78 134
92 79 48
92 80 66
92 81 12
92 84 193
92 86 198
92 88 149
92 89 133
92 96 152
92 99 174
93 2 72
93 3 94
93 4 122
93 5 92
93 7 108
93 9 153
93 10 153
93 11 57
93 13 10
93 15 21
93 16 88
93 17 162
93 18 83
93 21 117
93 24 129
93 25 129
93 27 90
93 30 66
93 32 41
93 34 49
93 36 98
93 38 117
93 41 2
93 43 98
93 44 175
93 56 43
93 58 112
93 60 174
93 62 13
93 63 191
93 64 63
93 66 117
93 67 103
93 71 140
93 72 195
93 75 191
93 77 181
93 78 100
93 80 11
93 82 83
93 84 42
93 85 154
93 90 29
93 91 16
93 95 181
93 97 33
93 98 157
94 3 185
94 4 164
94 8 129
94 9 14
94 13 147
94 14 31
94 18 118
94 22 81
94 23 30
94 24 19
94 25 79
94 30 148
94 31 180
94 32 160
94 33 185
94 37 100
94 40 73
94 41 192
94 45 192
94 46 67
94 47 96
94 49 117
94 54 161
94 55 150
94 56 76
94 57 62
94 63 199
94 66 2
94 67 96
94 69 94
94 70 66
94 71 28
94 77 12
94 78 148
94 80 100
94 82 133
94 86 142
94 87 200
94 88 12
94 96 156
94 97 31
94 98 63
95 1 16
95 2 136
95 4 149
95 5 183
95 6 11
95 8 51
95 11 42
95 13 103
95 14 179
95 15 12
95 17 76
95 18 63
95 20 37
95 23 112
95 25 81
95 26 185
95 27 153
95 30 188
95 32 139
95 34 127
95 36 1
95 43 73
95 45 122
95 47 184
95 48 46
95 50 93
95 52 140
95 53 58
95 54 9
95 55 165
95 62 67
95 63 125
95 64 92
95 66 121
95 71 193
95 72 134
95 74 84
95 76 12
95 82 42
95 83 75
95 87 44
95 89 6
95 93 181
95 96 187
95 97 11
96 2 156
96 4 75
96 5 52
96 6 155
96 10 131
96 15 41
96 17 102
96 19 136
96 22 86
96 25 171
96 26 59
96 27 167
96 29 68
96 32 170
96 33 31
96 35 95
96 38 122
96 40 192
96 41 86
96 42 162
96 50 117
96 51 60
96 55 55
96 62 49
96 65 162
96 67 170
96 69 3
96 70 117
96 71 25
96 74 57
96 76 199
96 77 163
96 79 186
96 80 61
96 82 73
96 83 22
96 84 199
96 85 192
96 86 66
96 87 11
96 88 25
96 91 32
96 92 152
96 94 156
96 95 187
96 97 32
96 98 105
97 2 195
97 10 133
97 14 174
97 18 113
97 24 162
97 26 135
97 29 68
97 32 165
97 34 18
97 36 178
97 37 33
97 38 187
97 39 163
97 40 91
97 41 189
97 43 172
97 44 110
97 58 130
97 59 70
97 62 148
97 63 146
97 72 66
97 73 83
97 75 62
97 76 72
97 82 18
97 84 164
97 86 157
97 87 130
97 88 56
97 90 41
97 91 49
97 93 33
97 94 31
97 95 11
97 96 32
97 99 181
98 2 149
98 3 137
98 12 47
98 13 31
98 15 41
98 20 191
98 21 155
98 22 187
98 23 18
98 28 12
98 29 140
98 31 124
98 32 158
98 34 173
98 37 154
98 39 154
98 40 159
98 41 72
98 42 84
98 45 75
98 54 48
98 55 121
98 56 36
98 57 42
98 59 11
98 60 61
98 62 9
98 63 197
98 65 173
98 66 99
98 67 50
98 68 123
98 69 136
98 74 69
98 78 123
98 79 110
98 80 184
98 82 89
98 83 77
98 84 63
98 85 183
98 86 57
98 89 24
98 90 33
98 91 149
98 93 157
98 94 63
98 96 105
98 99 82
1 t 130
3 t 178
5 t 174
6 t 124
7 t 114
8 t 192
12 t 90
15 t 11
17 t 189
19 t 81
20 t 51
21 t 83
26 t 69
31 t 78
36 t 14
39 t 194
40 t 184
44 t 51
46 t 13
48 t 57
49 t 23
50 t 85
54 t 86
58 t 108
60 t 107
61 t 144
64 t 47
67 t 24
71 t 101
74 t 67
75 t 184
77 t 104
79 t 72
81 t 68
82 t 79
83 t 64
86 t 100
89 t 181
91 t 85
92 t 174
97 t 181
98 t 82
