s 2 130
s 3 119
s 4 146
s 8 109
s 10 133
s 12 34
s 20 161
s 21 180
s 22 86
s 25 38
s 26 167
s 28 62
s 29 87
s 31 65
s 32 14
s 33 83
s 34 8
s 38 118
s 40 26
s 41 20
s 42 77
s 45 38
s 46 49
s 47 147
s 48 118
s 51 33
s 53 45
s 54 107
s 61 91
s 62 7
s 63 169
s 64 106
s 66 36
s 67 95
s 69 175
s 71 161
s 78 26
s 80 184
s 82 83
s 83 190
s 84 19
s 86 149
s 87 194
s 89 37
s 90 167
s 91 37
s 92 58
s 95 160
s 96 7
s 97 148
s 101 173
s 102 16
s 103 189
s 104 146
s 105 132
s 106 173
s 109 96
s 110 159
s 112 148
s 114 179
s 115 154
s 116 132
s 118 192
s 119 144
s 121 68
s 124 49
1 2 176
1 3 182
1 4 11
1 5 15
1 8 112
1 9 192
1 11 35
1 15 69
1 17 145
1 20 186
1 21 183
1 27 120
1 28 93
1 30 155
1 31 148
1 32 16
1 33 38
1 34 50
1 35 106
1 37 96
1 38 25
1 43 53
1 48 175
1 49 144
1 51 132
1 52 34
1 53 83
1 56 149
1 61 149
1 63 12
1 68 173
1 69 5
1 70 81
1 71 37
1 72 2
1 73 171
1 75 121
1 79 58
1 80 27
1 82 153
1 84 200
1 89 197
1 90 60
1 91 63
1 92 155
1 95 40
1 96 161
1 97 128
1 99 177
1 100 196
1 102 114
1 103 74
1 104 19
1 105 114
1 107 29
1 108 21
1 111 39
1 112 44
1 113 164
1 114 106
1 118 23
1 120 120
1 123 86
1 124 84
2 1 176
2 4 74
2 6 182
2 12 176
2 14 5
2 15 48
2 16 135
2 18 121
2 19 153
2 22 158
2 24 8
2 25 190
2 28 177
2 31 70
2 32 41
2 33 89
2 36 41
2 38 30
2 40 21
2 41 143
2 42 89
2 47 137
2 50 53
2 52 195
2 54 94
2 55 72
2 56 98
2 57 79
2 58 134
2 60 182
2 61 137
2 63 120
2 65 38
2 66 166
2 67 89
2 72 69
2 73 81
2 75 3
2 76 27
2 77 156
2 78 57
2 79 200
2 80 35
2 83 102
2 85 197
2 86 55
2 89 7
2 91 150
2 92 171
2 97 135
2 104 141
2 105 84
2 110 123
2 112 181
2 114 97
2 116 83
2 119 162
2 120 4
2 122 18
2 123 92
2 124 90
3 1 182
3 4 28
3 5 67
3 6 9
3 7 180
3 11 112
3 12 55
3 17 30
3 18 195
3 20 63
3 26 15
3 29 157
3 30 38
3 31 61
3 33 119
3 36 141
3 40 137
3 41 71
3 42 35
3 44 83
3 45 113
3 46 150
3 49 127
3 52 194
3 53 29
3 58 121
3 59 139
3 62 170
3 63 136
3 65 134
3 69 146
3 79 146
3 80 43
3 81 188
3 83 78
3 85 60
3 86 145
3 87 189
3 88 33
3 92 46
3 93 111
3 95 18
3 97 34
3 101 99
3 104 118
3 106 47
3 107 7
3 109 174
3 111 101
3 113 145
3 114 130
3 119 182
3 121 178
3 122 46
3 123 188
4 1 11
4 2 74
4 3 28
4 7 119
4 8 179
4 10 79
4 12 167
4 13 123
4 15 98
4 16 52
4 21 94
4 22 190
4 23 28
4 24 152
4 30 97
4 36 87
4 37 135
4 38 141
4 39 106
4 40 7
4 42 51
4 43 167
4 46 29
4 48 63
4 50 88
4 52 100
4 55 196
4 56 155
4 57 82
4 59 173
4 60 93
4 64 95
4 66 78
4 69 1
4 73 26
4 74 2
4 75 77
4 76 7
4 77 148
4 78 124
4 80 123
4 84 181
4 94 107
4 95 24
4 97 7
4 100 133
4 104 126
4 108 58
4 110 43
4 111 171
4 112 115
4 116 105
4 117 168
4 118 176
4 120 159
4 121 74
4 122 150
4 123 103
5 1 15
5 3 67
5 6 49
5 8 111
5 9 5
5 11 4
5 14 109
5 15 148
5 16 18
5 17 2
5 21 56
5 27 25
5 29 141
5 30 196
5 31 81
5 32 166
5 34 114
5 35 137
5 41 86
5 43 114
5 45 2
5 48 71
5 49 181
5 53 84
5 54 57
5 60 117
5 61 116
5 63 128
5 65 43
5 66 170
5 68 93
5 71 137
5 74 107
5 75 94
5 76 29
5 77 182
5 78 182
5 79 63
5 80 38
5 88 44
5 89 179
5 91 133
5 92 169
5 94 83
5 96 14
5 97 132
5 99 4
5 101 42
5 106 86
5 107 19
5 108 45
5 110 78
5 112 45
5 114 22
5 116 121
5 117 80
5 118 13
5 119 72
5 120 180
5 121 87
5 122 82
5 124 165
6 2 182
6 3 9
6 5 49
6 7 188
6 9 56
6 10 133
6 13 12
6 15 30
6 17 42
6 18 136
6 19 20
6 22 158
6 23 190
6 24 27
6 25 137
6 28 171
6 29 101
6 32 175
6 36 151
6 37 78
6 40 159
6 41 24
6 43 47
6 45 56
6 46 22
6 47 190
6 49 179
6 50 35
6 52 10
6 55 51
6 57 113
6 58 101
6 61 99
6 62 135
6 63 165
6 64 11
6 65 14
6 66 33
6 69 185
6 71 170
6 72 124
6 73 37
6 74 181
6 75 137
6 80 152
6 81 54
6 82 126
6 83 78
6 84 28
6 86 23
6 88 70
6 89 9
6 95 102
6 96 21
6 98 111
6 99 58
6 100 11
6 101 99
6 102 193
6 104 185
6 106 197
6 107 114
6 108 168
6 109 28
6 110 170
6 111 108
6 116 114
6 118 31
6 119 32
6 120 172
6 121 125
6 123 87
7 3 180
7 4 119
7 6 188
7 12 15
7 13 117
7 16 65
7 17 189
7 18 13
7 19 184
7 22 116
7 23 114
7 24 197
7 25 88
7 26 129
7 27 57
7 34 1
7 36 168
7 37 34
7 39 15
7 40 200
7 44 16
7 46 154
7 47 105
7 48 61
7 49 29
7 51 167
7 52 152
7 56 41
7 58 59
7 63 4
7 66 75
7 67 74
7 68 39
7 73 120
7 75 73
7 77 142
7 79 105
7 80 197
7 82 135
7 84 21
7 85 154
7 86 78
7 88 174
7 89 102
7 92 6
7 93 133
7 94 171
7 95 32
7 104 142
7 107 92
7 112 28
7 120 111
7 124 10
8 1 112
8 4 179
8 5 111
8 9 172
8 10 198
8 12 178
8 15 102
8 17 41
8 19 100
8 20 21
8 23 193
8 24 168
8 25 158
8 31 119
8 38 51
8 39 48
8 43 36
8 46 97
8 47 102
8 49 118
8 52 21
8 53 198
8 54 178
8 57 86
8 58 167
8 60 47
8 62 106
8 64 84
8 65 8
8 66 160
8 67 70
8 68 133
8 69 119
8 71 176
8 72 31
8 76 138
8 78 1
8 80 40
8 81 26
8 82 126
8 87 195
8 91 195
8 95 42
8 97 8
8 98 130
8 101 87
8 102 58
8 103 29
8 104 32
8 107 138
8 108 91
8 111 117
8 114 69
8 115 170
8 117 15
8 118 71
8 119 47
8 121 191
8 122 42
8 124 47
9 1 192
9 5 5
9 6 56
9 8 172
9 15 65
9 16 132
9 18 180
9 21 151
9 23 173
9 24 14
9 26 100
9 30 28
9 31 11
9 33 12
9 35 65
9 36 182
9 38 128
9 40 100
9 42 6
9 43 132
9 44 19
9 45 85
9 47 11
9 49 13
9 53 73
9 54 104
9 55 178
9 56 139
9 57 182
9 58 118
9 59 136
9 61 103
9 62 123
9 63 157
9 67 85
9 70 182
9 71 186
9 72 155
9 73 100
9 74 79
9 75 174
9 76 116
9 77 49
9 78 124
9 79 82
9 80 169
9 82 93
9 83 184
9 84 109
9 91 22
9 92 32
9 96 27
9 99 192
9 100 138
9 102 107
9 103 95
9 106 127
9 108 120
9 109 27
9 118 131
9 121 85
9 123 32
10 4 79
10 6 133
10 8 198
10 13 188
10 14 93
10 16 85
10 19 94
10 20 139
10 21 141
10 22 89
10 23 37
10 24 68
10 26 92
10 27 134
10 31 107
10 32 170
10 33 64
10 34 81
10 36 183
10 37 171
10 40 87
10 41 165
10 46 172
10 47 198
10 48 134
10 49 49
10 50 151
10 51 19
10 56 104
10 57 88
10 58 67
10 61 156
10 62 84
10 66 187
10 68 116
10 69 28
10 70 191
10 71 64
10 72 161
10 75 150
10 78 61
10 80 98
10 83 196
10 84 142
10 86 91
10 88 160
10 92 49
10 93 43
10 96 139
10 103 78
10 112 173
10 114 173
10 120 57
10 121 115
10 122 58
11 1 35
11 3 112
11 5 4
11 13 51
11 15 91
11 18 83
11 19 155
11 20 10
11 21 10
11 25 31
11 27 123
11 28 187
11 32 106
11 34 100
11 36 85
11 37 23
11 38 85
11 39 181
11 41 43
11 44 91
11 46 45
11 47 144
11 48 51
11 49 108
11 52 8
11 53 172
11 55 43
11 56 11
11 57 8
11 58 153
11 59 196
11 60 32
11 63 128
11 64 127
11 67 126
11 69 114
11 72 156
11 74 187
11 76 52
11 77 64
11 78 168
11 79 47
11 80 47
11 81 39
11 82 199
11 83 88
11 85 112
11 86 102
11 87 165
11 90 39
11 91 31
11 92 9
11 96 119
11 99 32
11 105 35
11 106 132
11 108 11
11 109 115
11 111 10
11 112 64
11 113 91
11 114 52
11 117 24
11 118 136
11 119 142
11 123 89
12 2 176
12 3 55
12 4 167
12 7 15
12 8 178
12 14 189
12 20 151
12 23 171
12 27 37
12 30 22
12 32 112
12 33 51
12 34 5
12 36 33
12 37 65
12 38 95
12 39 192
12 40 121
12 41 150
12 42 26
12 46 120
12 52 36
12 55 40
12 56 90
12 57 103
12 59 200
12 61 83
12 63 63
12 65 188
12 66 180
12 67 83
12 68 154
12 71 88
12 72 32
12 73 165
12 74 95
12 77 54
12 79 59
12 81 191
12 82 175
12 86 21
12 87 44
12 88 54
12 89 88
12 93 169
12 94 117
12 95 170
12 96 107
12 98 69
12 101 45
12 102 109
12 103 178
12 105 105
12 106 27
12 110 188
12 111 143
12 112 165
12 115 49
12 119 149
12 122 57
13 4 123
13 6 12
13 7 117
13 10 188
13 11 51
13 14 67
13 15 148
13 16 73
13 21 149
13 22 136
13 25 67
13 27 171
13 29 102
13 30 26
13 32 107
13 34 18
13 39 7
13 40 6
13 41 79
13 42 188
13 43 87
13 44 93
13 45 121
13 46 20
13 49 71
13 53 151
13 57 79
13 60 200
13 61 107
13 62 177
13 64 105
13 65 191
13 67 64
13 70 25
13 74 119
13 77 103
13 78 65
13 79 128
13 84 50
13 85 188
13 86 125
13 88 181
13 89 196
13 90 150
13 92 125
13 93 55
13 94 198
13 98 190
13 99 61
13 105 46
13 106 70
13 107 67
13 110 86
13 111 60
13 113 5
13 114 133
13 117 184
13 118 46
13 123 122
13 124 133
14 2 5
14 5 109
14 10 93
14 12 189
14 13 67
14 15 8
14 16 36
14 17 190
14 18 111
14 20 79
14 22 20
14 24 125
14 28 27
14 29 137
14 30 74
14 31 13
14 32 79
14 33 21
14 34 56
14 37 122
14 38 167
14 39 38
14 40 69
14 41 99
14 42 159
14 44 66
14 46 107
14 47 8
14 49 144
14 50 182
14 54 193
14 55 42
14 56 7
14 58 49
14 60 52
14 61 109
14 64 48
14 65 141
14 66 53
14 68 86
14 70 190
14 73 116
14 76 194
14 82 121
14 84 53
14 85 38
14 86 34
14 90 38
14 94 52
14 97 178
14 98 38
14 100 200
14 101 132
14 102 138
14 103 36
14 105 141
14 107 174
14 109 153
14 112 178
14 115 73
14 117 5
14 120 32
14 121 43
14 122 179
14 124 192
15 1 69
15 2 48
15 4 98
15 5 148
15 6 30
15 8 102
15 9 65
15 11 91
15 13 148
15 14 8
15 17 140
15 23 95
15 24 162
15 34 185
15 35 47
15 37 31
15 41 14
15 42 114
15 44 48
15 46 179
15 49 153
15 50 159
15 51 96
15 52 167
15 53 57
15 54 59
15 55 70
15 56 136
15 60 108
15 61 53
15 63 58
15 69 98
15 70 161
15 71 104
15 72 174
15 73 2
15 74 193
15 75 108
15 76 64
15 78 21
15 79 96
15 80 46
15 81 158
15 83 112
15 85 57
15 86 65
15 87 194
15 89 168
15 91 48
15 92 146
15 94 94
15 95 95
15 98 85
15 99 128
15 100 177
15 101 193
15 102 94
15 105 33
15 106 57
15 108 55
15 109 170
15 110 102
15 111 142
15 115 3
15 120 143
15 121 74
15 122 10
15 123 135
16 2 135
16 4 52
16 5 18
16 7 65
16 9 132
16 10 85
16 13 73
16 14 36
16 18 110
16 21 129
16 22 152
16 23 163
16 26 74
16 27 49
16 29 135
16 31 107
16 32 170
16 33 127
16 35 62
16 38 132
16 40 83
16 41 125
16 44 17
16 46 109
16 50 36
16 51 121
16 54 56
16 56 121
16 61 25
16 62 36
16 66 30
16 69 104
16 70 73
16 72 29
16 74 44
16 76 9
16 77 95
16 85 119
16 86 176
16 89 167
16 90 5
16 91 162
16 93 187
16 94 30
16 95 29
16 97 81
16 99 25
16 103 28
16 107 194
16 108 68
16 109 154
16 110 56
16 111 193
16 113 174
16 115 56
16 116 37
16 117 60
16 118 51
16 122 148
16 123 87
16 124 145
17 1 145
17 3 30
17 5 2
17 6 42
17 7 189
17 8 41
17 14 190
17 15 140
17 19 58
17 21 68
17 22 182
17 25 140
17 26 27
17 27 61
17 29 188
17 32 111
17 33 125
17 35 71
17 38 182
17 40 124
17 44 88
17 45 109
17 46 44
17 47 193
17 50 5
17 52 58
17 53 11
17 54 99
17 57 29
17 58 159
17 61 106
17 62 34
17 63 59
17 64 80
17 65 137
17 66 132
17 67 54
17 71 41
17 74 30
17 76 68
17 78 49
17 83 148
17 84 55
17 87 112
17 89 119
17 92 135
17 93 148
17 95 28
17 97 20
17 99 95
17 100 6
17 102 114
17 104 63
17 107 13
17 108 173
17 109 198
17 110 4
17 111 167
17 114 45
17 115 170
17 118 126
17 119 44
17 120 78
17 124 141
18 2 121
18 3 195
18 6 136
18 7 13
18 9 180
18 11 83
18 14 111
18 16 110
18 20 155
18 21 28
18 23 106
18 24 165
18 26 94
18 28 117
18 30 22
18 33 65
18 34 192
18 36 67
18 37 175
18 38 30
18 39 127
18 42 57
18 52 121
18 53 26
18 56 131
18 60 173
18 61 171
18 62 47
18 64 183
18 67 80
18 69 86
18 71 54
18 72 99
18 73 6
18 74 86
18 75 175
18 76 184
18 77 104
18 78 73
18 82 184
18 85 39
18 89 61
18 90 1
18 91 33
18 92 88
18 96 79
18 97 11
18 99 198
18 100 178
18 101 112
18 103 121
18 109 151
18 111 49
18 112 48
18 113 159
18 114 134
18 115 30
18 117 82
18 118 74
18 120 193
18 122 4
19 2 153
19 6 20
19 7 184
19 8 100
19 10 94
19 11 155
19 17 58
19 21 4
19 26 163
19 28 199
19 31 55
19 32 181
19 33 13
19 34 168
19 37 48
19 39 67
19 41 107
19 43 145
19 48 166
19 49 176
19 51 156
19 52 198
19 53 160
19 55 158
19 56 76
19 59 29
19 60 26
19 63 161
19 64 144
19 65 46
19 73 196
19 74 8
19 77 120
19 78 129
19 79 61
19 80 197
19 82 111
19 83 69
19 85 14
19 86 3
19 87 38
19 88 87
19 90 78
19 91 79
19 94 184
19 95 10
19 97 103
19 98 190
19 101 21
19 103 156
19 104 48
19 105 44
19 106 64
19 109 155
19 110 114
19 111 83
19 112 74
19 113 90
19 114 128
19 115 136
19 118 39
19 119 16
19 122 157
20 1 186
20 3 63
20 8 21
20 10 139
20 11 10
20 12 151
20 14 79
20 18 155
20 23 158
20 25 42
20 26 69
20 28 78
20 33 65
20 36 182
20 38 3
20 39 191
20 43 57
20 47 185
20 48 12
20 49 65
20 51 136
20 52 151
20 57 124
20 61 134
20 62 187
20 64 98
20 65 133
20 70 5
20 74 138
20 75 148
20 77 63
20 78 23
20 80 127
20 83 167
20 86 9
20 87 146
20 88 196
20 89 88
20 91 110
20 92 110
20 93 144
20 94 73
20 95 144
20 96 197
20 97 85
20 98 182
20 101 151
20 102 87
20 108 169
20 109 194
20 116 189
20 117 173
20 118 197
20 119 153
20 121 124
20 123 148
21 1 183
21 4 94
21 5 56
21 9 151
21 10 141
21 11 10
21 13 149
21 16 129
21 17 68
21 18 28
21 19 4
21 22 53
21 23 134
21 25 67
21 26 84
21 32 75
21 33 7
21 34 102
21 37 118
21 40 146
21 43 197
21 45 161
21 46 21
21 48 75
21 52 109
21 53 91
21 56 186
21 57 183
21 59 146
21 61 97
21 64 173
21 66 191
21 67 121
21 70 188
21 73 85
21 79 144
21 81 53
21 82 87
21 84 159
21 85 185
21 86 9
21 88 34
21 91 118
21 92 158
21 94 42
21 95 123
21 100 4
21 101 142
21 102 178
21 107 147
21 108 98
21 109 90
21 111 182
21 112 179
21 113 39
21 116 172
21 120 110
21 122 74
21 124 96
22 2 158
22 4 190
22 6 158
22 7 116
22 10 89
22 13 136
22 14 20
22 16 152
22 17 182
22 21 53
22 28 96
22 30 45
22 32 82
22 35 169
22 37 121
22 39 30
22 40 35
22 43 71
22 44 13
22 45 82
22 48 106
22 49 185
22 51 37
22 52 105
22 55 99
22 57 38
22 58 108
22 59 97
22 63 52
22 64 152
22 69 169
22 71 12
22 73 8
22 74 113
22 76 14
22 79 174
22 82 108
22 83 177
22 84 12
22 85 60
22 86 132
22 96 22
22 100 192
22 104 64
22 106 129
22 107 59
22 110 53
22 111 114
22 115 102
22 117 89
22 121 163
22 122 197
22 124 56
23 4 28
23 6 190
23 7 114
23 8 193
23 9 173
23 10 37
23 12 171
23 15 95
23 16 163
23 18 106
23 20 158
23 21 134
23 24 186
23 26 120
23 27 106
23 28 14
23 30 183
23 31 200
23 32 183
23 36 53
23 44 44
23 49 44
23 50 109
23 52 57
23 55 90
23 59 111
23 61 64
23 63 157
23 65 68
23 66 149
23 67 86
23 68 79
23 70 148
23 71 107
23 72 200
23 75 108
23 77 74
23 80 51
23 85 13
23 86 194
23 87 125
23 88 163
23 91 186
23 93 48
23 95 181
23 96 151
23 99 16
23 100 13
23 101 15
23 104 149
23 107 106
23 110 137
23 113 63
23 115 105
23 119 84
23 121 75
23 122 58
23 123 118
23 124 147
24 2 8
24 4 152
24 6 27
24 7 197
24 8 168
24 9 14
24 10 68
24 14 125
24 15 162
24 18 165
24 23 186
24 25 71
24 27 74
24 29 30
24 30 155
24 31 93
24 35 43
24 36 62
24 40 42
24 41 42
24 42 158
24 46 131
24 52 145
24 53 102
24 56 94
24 58 28
24 59 1
24 60 199
24 61 25
24 62 196
24 65 135
24 66 129
24 68 125
24 70 10
24 73 74
24 74 49
24 75 139
24 82 86
24 83 97
24 84 16
24 85 39
24 86 128
24 87 121
24 88 85
24 89 9
24 92 70
24 93 4
24 95 125
24 96 91
24 98 112
24 99 70
24 104 117
24 105 43
24 107 40
24 108 169
24 110 142
24 111 168
24 114 154
24 115 55
24 116 116
24 117 123
24 119 64
24 121 172
24 122 11
24 124 7
25 2 190
25 6 137
25 7 88
25 8 158
25 11 31
25 13 67
25 17 140
25 20 42
25 21 67
25 24 71
25 27 77
25 30 30
25 31 135
25 33 122
25 35 65
25 36 173
25 37 143
25 38 145
25 39 136
25 41 175
25 44 200
25 47 17
25 48 89
25 49 185
25 51 171
25 52 89
25 53 62
25 56 96
25 60 182
25 62 186
25 65 71
25 66 116
25 67 31
25 68 140
25 69 183
25 72 18
25 75 83
25 76 44
25 77 50
25 80 20
25 81 107
25 82 200
25 83 79
25 88 46
25 94 194
25 96 93
25 98 146
25 99 46
25 100 139
25 101 32
25 102 49
25 103 31
25 104 198
25 105 15
25 106 148
25 107 34
25 108 121
25 110 20
25 111 16
25 114 169
25 115 125
25 116 111
25 117 118
25 118 195
25 120 66
25 121 128
26 3 15
26 7 129
26 9 100
26 10 92
26 16 74
26 17 27
26 18 94
26 19 163
26 20 69
26 21 84
26 23 120
26 27 194
26 31 43
26 36 116
26 37 187
26 38 67
26 40 99
26 42 74
26 43 13
26 44 1
26 46 117
26 47 119
26 48 133
26 49 31
26 50 179
26 51 91
26 54 144
26 55 146
26 56 174
26 58 181
26 62 135
26 63 50
26 65 72
26 66 45
26 67 120
26 72 16
26 73 197
26 75 50
26 76 27
26 77 131
26 79 57
26 82 81
26 83 116
26 84 172
26 85 67
26 86 19
26 89 140
26 91 25
26 95 147
26 100 188
26 101 57
26 102 10
26 103 159
26 107 186
26 108 7
26 109 36
26 110 113
26 111 48
26 113 93
26 114 69
26 115 93
26 116 25
26 120 90
26 121 8
27 1 120
27 5 25
27 7 57
27 10 134
27 11 123
27 12 37
27 13 171
27 16 49
27 17 61
27 23 106
27 24 74
27 25 77
27 26 194
27 30 76
27 33 93
27 35 33
27 36 139
27 41 134
27 42 152
27 46 56
27 48 80
27 53 123
27 55 101
27 56 10
27 57 177
27 58 51
27 61 184
27 63 25
27 65 51
27 66 156
27 67 38
27 69 81
27 70 77
27 71 116
27 73 17
27 74 122
27 75 155
27 78 189
27 81 187
27 84 24
27 86 127
27 89 118
27 90 129
27 91 125
27 94 76
27 97 25
27 100 121
27 102 84
27 105 179
27 106 113
27 111 177
27 115 42
27 120 58
27 121 119
27 123 149
28 1 93
28 2 177
28 6 171
28 11 187
28 14 27
28 18 117
28 19 199
28 20 78
28 22 96
28 23 14
28 36 93
28 38 35
28 39 7
28 42 132
28 43 54
28 44 64
28 47 165
28 56 104
28 59 146
28 60 57
28 61 2
28 63 140
28 65 147
28 68 78
28 69 2
28 71 78
28 72 41
28 75 13
28 76 144
28 77 49
28 79 158
28 80 193
28 81 128
28 82 23
28 84 5
28 85 41
28 90 23
28 92 98
28 93 112
28 98 187
28 99 120
28 100 122
28 103 158
28 105 92
28 106 129
28 107 31
28 110 85
28 112 151
28 115 186
28 117 197
28 118 23
28 119 25
28 120 2
28 124 20
29 3 157
29 5 141
29 6 101
29 13 102
29 14 137
29 16 135
29 17 188
29 24 30
29 30 25
29 31 168
29 32 52
29 39 42
29 42 183
29 44 173
29 46 156
29 48 132
29 49 46
29 51 168
29 53 148
29 55 65
29 57 167
29 63 51
29 67 149
29 68 200
29 69 111
29 73 2
29 80 160
29 81 179
29 83 70
29 85 156
29 86 114
29 87 108
29 88 53
29 89 6
29 90 117
29 91 111
29 92 150
29 93 115
29 95 197
29 97 136
29 98 126
29 100 113
29 101 32
29 102 51
29 103 174
29 105 134
29 110 66
29 111 161
29 112 146
29 113 1
29 114 28
29 115 63
29 117 84
29 118 99
29 122 31
29 124 80
30 1 155
30 3 38
30 4 97
30 5 196
30 9 28
30 12 22
30 13 26
30 14 74
30 18 22
30 22 45
30 23 183
30 24 155
30 25 30
30 27 76
30 29 25
30 31 112
30 32 92
30 35 162
30 36 151
30 38 114
30 41 114
30 43 170
30 44 132
30 48 76
30 49 112
30 51 157
30 56 190
30 58 15
30 59 172
30 60 167
30 65 71
30 66 118
30 67 100
30 69 121
30 70 96
30 72 66
30 75 139
30 76 120
30 82 120
30 84 77
30 88 135
30 89 76
30 94 195
30 95 88
30 96 107
30 99 25
30 100 162
30 103 119
30 105 179
30 107 60
30 108 105
30 113 44
30 117 42
30 119 138
30 121 176
30 122 188
30 123 99
30 124 178
31 1 148
31 2 70
31 3 61
31 5 81
31 8 119
31 9 11
31 10 107
31 14 13
31 16 107
31 19 55
31 23 200
31 24 93
31 25 135
31 26 43
31 29 168
31 30 112
31 33 131
31 34 124
31 40 183
31 41 114
31 42 112
31 45 90
31 46 194
31 48 166
31 50 139
31 51 191
31 52 2
31 53 86
31 54 120
31 56 146
31 57 24
31 59 130
31 61 107
31 63 180
31 64 31
31 65 147
31 69 109
31 72 169
31 74 131
31 76 109
31 78 127
31 79 200
31 82 57
31 86 185
31 87 157
31 88 122
31 89 46
31 90 61
31 94 60
31 95 182
31 96 53
31 99 61
31 103 169
31 106 3
31 110 154
31 112 159
31 113 1
31 115 87
31 116 41
31 118 51
31 121 90
31 123 172
32 1 16
32 2 41
32 5 166
32 6 175
32 10 170
32 11 106
32 12 112
32 13 107
32 14 79
32 16 170
32 17 111
32 19 181
32 21 75
32 22 82
32 23 183
32 29 52
32 30 92
32 37 98
32 38 60
32 41 10
32 42 167
32 45 198
32 50 109
32 51 56
32 53 198
32 54 179
32 55 81
32 57 120
32 58 195
32 60 137
32 62 151
32 64 198
32 65 3
32 66 86
32 67 19
32 68 198
32 72 16
32 73 73
32 75 97
32 76 47
32 79 178
32 81 73
32 85 119
32 87 81
32 89 122
32 90 93
32 92 55
32 94 78
32 95 5
32 96 97
32 97 70
32 99 167
32 100 10
32 101 15
32 103 11
32 105 128
32 107 60
32 108 103
32 114 51
32 119 138
32 120 61
32 121 134
32 122 156
32 124 30
33 1 38
33 2 89
33 3 119
33 9 12
33 10 64
33 12 51
33 14 21
33 16 127
33 17 125
33 18 65
33 19 13
33 20 65
33 21 7
33 25 122
33 27 93
33 31 131
33 36 14
33 41 43
33 42 80
33 43 4
33 44 101
33 47 84
33 49 185
33 52 93
33 53 43
33 54 151
33 57 32
33 58 28
33 61 190
33 63 4
33 64 46
33 66 170
33 67 84
33 68 38
33 69 9
33 70 82
33 71 188
33 72 173
33 73 164
33 74 114
33 75 102
33 77 62
33 79 93
33 80 156
33 81 105
33 82 38
33 83 195
33 86 9
33 87 116
33 89 13
33 90 62
33 91 9
33 92 173
33 93 196
33 94 13
33 95 161
33 97 26
33 103 56
33 108 154
33 109 174
33 110 60
33 112 41
33 113 50
33 117 75
33 121 177
33 122 62
34 1 50
34 5 114
34 7 1
34 10 81
34 11 100
34 12 5
34 13 18
34 14 56
34 15 185
34 18 192
34 19 168
34 21 102
34 31 124
34 35 195
34 36 15
34 37 176
34 38 105
34 39 95
34 40 42
34 41 169
34 42 21
34 44 1
34 47 112
34 49 104
34 50 53
34 51 9
34 54 114
34 56 189
34 59 57
34 61 37
34 63 119
34 65 157
34 66 91
34 67 95
34 68 35
34 69 29
34 70 44
34 71 132
34 72 92
34 73 43
34 75 64
34 77 7
34 79 139
34 84 102
34 90 97
34 93 171
34 95 92
34 97 165
34 98 179
34 99 52
34 101 122
34 102 105
34 104 116
34 105 182
34 107 12
34 108 117
34 111 199
34 115 153
34 116 104
34 118 100
34 119 103
34 121 87
34 122 100
34 124 69
35 1 106
35 5 137
35 9 65
35 15 47
35 16 62
35 17 71
35 22 169
35 24 43
35 25 65
35 27 33
35 30 162
35 34 195
35 38 59
35 39 40
35 40 69
35 42 199
35 49 131
35 51 18
35 54 95
35 55 85
35 57 142
35 59 15
35 62 71
35 66 53
35 67 176
35 68 115
35 69 127
35 70 50
35 71 30
35 72 127
35 76 2
35 77 150
35 81 193
35 82 54
35 83 181
35 85 153
35 88 112
35 89 35
35 90 181
35 93 76
35 95 186
35 96 129
35 97 24
35 98 155
35 99 37
35 104 96
35 106 52
35 107 65
35 113 113
35 116 179
35 117 133
35 122 132
35 123 57
35 124 95
36 2 41
36 3 141
36 4 87
36 6 151
36 7 168
36 9 182
36 10 183
36 11 85
36 12 33
36 18 67
36 20 182
36 23 53
36 24 62
36 25 173
36 26 116
36 27 139
36 28 93
36 30 151
36 33 14
36 34 15
36 37 168
36 38 107
36 39 104
36 41 114
36 42 198
36 43 62
36 44 21
36 48 13
36 55 174
36 57 102
36 58 121
36 59 129
36 60 192
36 61 188
36 62 45
36 64 197
36 69 120
36 72 154
36 73 132
36 74 177
36 75 41
36 76 101
36 77 110
36 78 20
36 80 72
36 81 17
36 83 72
36 86 36
36 89 85
36 94 160
36 95 44
36 97 21
36 99 115
36 101 200
36 102 102
36 104 185
36 105 97
36 106 89
36 107 9
36 109 108
36 110 197
36 111 86
36 112 46
36 113 178
36 114 29
36 115 194
36 116 3
36 118 158
36 120 178
36 121 42
36 123 10
36 124 173
37 1 96
37 4 135
37 6 78
37 7 34
37 10 171
37 11 23
37 12 65
37 14 122
37 15 31
37 18 175
37 19 48
37 21 118
37 22 121
37 25 143
37 26 187
37 32 98
37 34 176
37 36 168
37 39 148
37 43 188
37 44 146
37 45 4
37 46 18
37 47 106
37 50 55
37 56 68
37 58 4
37 64 27
37 67 83
37 69 29
37 70 102
37 71 188
37 73 190
37 74 162
37 76 77
37 77 186
37 82 200
37 83 67
37 84 87
37 88 175
37 89 74
37 90 106
37 92 66
37 93 84
37 94 173
37 97 150
37 100 22
37 105 163
37 106 125
37 107 143
37 108 120
37 109 99
37 111 155
37 112 33
37 117 16
37 119 16
37 120 4
37 121 97
38 1 25
38 2 30
38 4 141
38 8 51
38 9 128
38 11 85
38 12 95
38 14 167
38 16 132
38 17 182
38 18 30
38 20 3
38 25 145
38 26 67
38 28 35
38 30 114
38 32 60
38 34 105
38 35 59
38 36 107
38 39 90
38 40 57
38 43 187
38 46 3
38 50 75
38 51 144
38 53 181
38 54 79
38 57 192
38 58 182
38 59 18
38 62 74
38 63 53
38 64 110
38 66 118
38 70 41
38 71 130
38 73 182
38 74 172
38 75 153
38 82 186
38 86 87
38 87 8
38 88 69
38 90 13
38 93 79
38 94 38
38 96 169
38 97 66
38 99 123
38 101 101
38 102 85
38 104 42
38 105 190
38 106 100
38 107 146
38 110 189
38 113 100
38 119 107
38 122 23
38 124 154
39 4 106
39 7 15
39 8 48
39 11 181
39 12 192
39 13 7
39 14 38
39 18 127
39 19 67
39 20 191
39 22 30
39 25 136
39 28 7
39 29 42
39 34 95
39 35 40
39 36 104
39 37 148
39 38 90
39 44 118
39 45 180
39 47 124
39 48 64
39 49 160
39 51 22
39 52 155
39 53 3
39 54 3
39 56 18
39 57 67
39 58 30
39 59 116
39 63 146
39 65 13
39 67 94
39 69 83
39 70 122
39 76 38
39 77 31
39 83 183
39 84 199
39 86 144
39 87 142
39 89 172
39 90 136
39 91 196
39 92 88
39 93 99
39 95 27
39 97 172
39 99 24
39 103 197
39 104 120
39 106 168
39 107 20
39 108 84
39 110 78
39 111 86
39 112 154
39 113 16
39 114 71
39 116 95
39 117 107
39 119 9
39 120 112
39 121 100
39 122 65
39 123 141
39 124 153
40 2 21
40 3 137
40 4 7
40 6 159
40 7 200
40 9 100
40 10 87
40 12 121
40 13 6
40 14 69
40 16 83
40 17 124
40 21 146
40 22 35
40 24 42
40 26 99
40 31 183
40 34 42
40 35 69
40 38 57
40 42 6
40 44 74
40 48 142
40 52 57
40 55 96
40 57 82
40 58 58
40 60 89
40 61 92
40 63 82
40 66 6
40 69 31
40 71 101
40 73 128
40 74 37
40 76 22
40 77 31
40 80 17
40 82 16
40 83 200
40 87 77
40 88 44
40 89 185
40 91 75
40 94 151
40 95 155
40 96 98
40 98 159
40 101 73
40 104 109
40 105 200
40 106 105
40 111 112
40 112 185
40 117 73
40 118 176
40 119 189
40 120 174
40 123 161
40 124 166
41 2 143
41 3 71
41 5 86
41 6 24
41 10 165
41 11 43
41 12 150
41 13 79
41 14 99
41 15 14
41 16 125
41 19 107
41 24 42
41 25 175
41 27 134
41 30 114
41 31 114
41 32 10
41 33 43
41 34 169
41 36 114
41 46 193
41 47 44
41 50 150
41 51 75
41 53 112
41 55 190
41 57 38
41 58 162
41 61 116
41 62 199
41 68 103
41 71 96
41 75 75
41 77 148
41 78 27
41 79 81
41 80 47
41 81 126
41 83 173
41 85 83
41 87 48
41 92 49
41 93 27
41 94 81
41 97 173
41 98 10
41 100 180
41 101 75
41 102 57
41 103 152
41 105 168
41 106 52
41 107 76
41 108 118
41 109 42
41 113 23
41 115 114
41 121 113
42 2 89
42 3 35
42 4 51
42 9 6
42 12 26
42 13 188
42 14 159
42 15 114
42 18 57
42 24 158
42 26 74
42 27 152
42 28 132
42 29 183
42 31 112
42 32 167
42 33 80
42 34 21
42 35 199
42 36 198
42 40 6
42 46 83
42 47 186
42 48 44
42 49 40
42 50 26
42 52 39
42 55 140
42 56 79
42 57 22
42 59 36
42 62 157
42 63 62
42 64 167
42 70 27
42 71 6
42 78 57
42 79 24
42 80 47
42 82 11
42 84 110
42 88 124
42 89 77
42 93 174
42 94 88
42 95 103
42 99 154
42 101 35
42 102 26
42 104 159
42 109 58
42 111 81
42 113 41
42 115 61
42 116 35
42 118 13
43 1 53
43 4 167
43 5 114
43 6 47
43 8 36
43 9 132
43 13 87
43 19 145
43 20 57
43 21 197
43 22 71
43 26 13
43 28 54
43 30 170
43 33 4
43 36 62
43 37 188
43 38 187
43 45 178
43 47 200
43 50 72
43 53 31
43 56 178
43 57 113
43 60 146
43 61 53
43 62 131
43 65 116
43 67 193
43 73 87
43 76 107
43 77 45
43 78 15
43 79 132
43 80 38
43 87 75
43 89 192
43 91 162
43 95 119
43 96 147
43 97 139
43 106 24
43 107 30
43 111 62
43 112 35
43 113 155
43 116 50
43 118 88
43 119 166
43 121 97
43 122 42
43 123 107
44 3 83
44 7 16
44 9 19
44 11 91
44 13 93
44 14 66
44 15 48
44 16 17
44 17 88
44 22 13
44 23 44
44 25 200
44 26 1
44 28 64
44 29 173
44 30 132
44 33 101
44 34 1
44 36 21
44 37 146
44 39 118
44 40 74
44 48 123
44 49 62
44 51 19
44 52 31
44 54 40
44 55 44
44 56 121
44 57 43
44 58 16
44 61 144
44 65 197
44 66 15
44 73 162
44 74 177
44 75 17
44 76 101
44 79 98
44 81 17
44 83 70
44 84 103
44 86 176
44 87 95
44 88 143
44 91 163
44 92 163
44 93 137
44 94 193
44 99 13
44 100 63
44 105 94
44 108 180
44 109 2
44 113 65
44 114 102
44 115 162
44 116 182
44 118 12
44 121 109
44 123 76
44 124 131
45 3 113
45 5 2
45 6 56
45 9 85
45 13 121
45 17 109
45 21 161
45 22 82
45 31 90
45 32 198
45 37 4
45 39 180
45 43 178
45 46 123
45 48 135
45 50 38
45 51 85
45 53 1
45 54 124
45 55 71
45 56 89
45 57 146
45 58 58
45 59 157
45 60 171
45 61 146
45 63 91
45 65 84
45 67 165
45 69 88
45 71 90
45 72 32
45 74 77
45 75 30
45 78 83
45 79 179
45 82 147
45 83 179
45 86 14
45 89 175
45 90 144
45 91 1
45 93 57
45 100 47
45 102 113
45 108 76
45 110 133
45 112 30
45 115 70
45 119 154
45 120 181
45 121 60
45 122 102
45 123 192
46 3 150
46 4 29
46 6 22
46 7 154
46 8 97
46 10 172
46 11 45
46 12 120
46 13 20
46 14 107
46 15 179
46 16 109
46 17 44
46 21 21
46 24 131
46 26 117
46 27 56
46 29 156
46 31 194
46 37 18
46 38 3
46 41 193
46 42 83
46 45 123
46 47 166
46 48 155
46 49 93
46 50 85
46 53 120
46 56 101
46 58 152
46 64 197
46 66 103
46 67 120
46 68 109
46 69 138
46 72 175
46 74 108
46 75 156
46 79 5
46 83 74
46 84 170
46 85 3
46 87 8
46 88 41
46 90 22
46 91 176
46 92 191
46 93 106
46 94 103
46 96 134
46 97 161
46 98 122
46 99 2
46 100 153
46 101 122
46 108 8
46 109 41
46 112 23
46 113 111
46 114 173
46 115 52
46 117 21
46 118 75
46 121 21
46 122 97
47 2 137
47 6 190
47 7 105
47 8 102
47 9 11
47 10 198
47 11 144
47 14 8
47 17 193
47 20 185
47 25 17
47 26 119
47 28 165
47 33 84
47 34 112
47 37 106
47 39 124
47 41 44
47 42 186
47 43 200
47 46 166
47 53 157
47 55 48
47 56 51
47 57 47
47 58 156
47 59 67
47 64 180
47 66 1
47 67 186
47 68 103
47 69 61
47 72 82
47 74 26
47 75 21
47 76 157
47 82 124
47 86 69
47 88 48
47 90 152
47 95 87
47 96 153
47 97 14
47 99 145
47 100 50
47 101 113
47 102 110
47 105 36
47 108 142
47 109 34
47 110 181
47 111 100
47 113 110
47 114 199
47 115 61
47 116 142
47 117 23
47 118 174
47 119 148
47 121 150
48 1 175
48 4 63
48 5 71
48 7 61
48 10 134
48 11 51
48 19 166
48 20 12
48 21 75
48 22 106
48 25 89
48 26 133
48 27 80
48 29 132
48 30 76
48 31 166
48 36 13
48 39 64
48 40 142
48 42 44
48 44 123
48 45 135
48 46 155
48 49 60
48 51 70
48 54 44
48 55 33
48 58 30
48 61 101
48 62 159
48 63 132
48 64 139
48 66 52
48 67 101
48 69 83
48 72 17
48 73 22
48 76 73
48 77 21
48 78 65
48 79 35
48 80 175
48 81 48
48 83 67
48 84 87
48 87 155
48 90 18
48 91 10
48 96 139
48 97 99
48 98 100
48 100 131
48 102 117
48 103 196
48 104 107
48 106 83
48 107 74
48 110 39
48 111 139
48 113 148
48 115 108
48 116 137
48 120 62
49 1 144
49 3 127
49 5 181
49 6 179
49 7 29
49 8 118
49 9 13
49 10 49
49 11 108
49 13 71
49 14 144
49 15 153
49 19 176
49 20 65
49 22 185
49 23 44
49 25 185
49 26 31
49 29 46
49 30 112
49 33 185
49 34 104
49 35 131
49 39 160
49 42 40
49 44 62
49 46 93
49 48 60
49 51 112
49 53 127
49 56 152
49 58 44
49 59 8
49 63 120
49 64 176
49 66 45
49 67 110
49 70 28
49 73 12
49 75 107
49 76 13
49 82 96
49 83 3
49 85 196
49 86 132
49 88 162
49 89 191
49 90 8
49 94 63
49 97 165
49 100 48
49 102 116
49 103 145
49 107 34
49 108 163
49 109 38
49 111 194
49 112 162
49 113 173
49 114 159
49 115 93
49 116 122
49 118 17
49 119 38
49 120 176
49 121 174
49 122 63
49 123 58
50 2 53
50 4 88
50 6 35
50 10 151
50 14 182
50 15 159
50 16 36
50 17 5
50 23 109
50 26 179
50 31 139
50 32 109
50 34 53
50 37 55
50 38 75
50 41 150
50 42 26
50 43 72
50 45 38
50 46 85
50 51 156
50 52 99
50 56 44
50 57 31
50 58 29
50 59 102
50 60 128
50 62 19
50 63 152
50 67 151
50 70 22
50 72 147
50 73 146
50 76 69
50 80 140
50 81 33
50 83 190
50 85 19
50 86 16
50 87 1
50 91 66
50 92 4
50 93 106
50 94 73
50 95 160
50 100 46
50 106 10
50 108 154
50 109 31
50 110 174
50 111 68
50 117 177
50 118 39
50 119 19
50 120 137
50 121 3
50 122 71
51 1 132
51 7 167
51 10 19
51 15 96
51 16 121
51 19 156
51 20 136
51 22 37
51 25 171
51 26 91
51 29 168
51 30 157
51 31 191
51 32 56
51 34 9
51 35 18
51 38 144
51 39 22
51 41 75
51 44 19
51 45 85
51 48 70
51 49 112
51 50 156
51 55 60
51 57 116
51 58 172
51 59 99
51 60 16
51 65 191
51 66 101
51 68 188
51 72 190
51 74 197
51 75 152
51 79 145
51 80 67
51 83 76
51 86 42
51 87 19
51 89 34
51 90 97
51 91 120
51 93 113
51 97 141
51 99 44
51 103 11
51 106 81
51 108 156
51 109 24
51 111 36
51 112 155
51 116 153
51 117 63
51 118 75
51 120 194
51 122 139
51 123 27
51 124 187
52 1 34
52 2 195
52 3 194
52 4 100
52 6 10
52 7 152
52 8 21
52 11 8
52 12 36
52 15 167
52 17 58
52 18 121
52 19 198
52 20 151
52 21 109
52 22 105
52 23 57
52 24 145
52 25 89
52 31 2
52 33 93
52 39 155
52 40 57
52 42 39
52 44 31
52 50 99
52 53 133
52 54 156
52 55 12
52 58 85
52 60 106
52 61 109
52 64 74
52 66 188
52 67 111
52 70 95
52 72 161
52 73 114
52 79 51
52 81 76
52 82 4
52 83 127
52 84 51
52 86 160
52 91 61
52 98 113
52 102 21
52 107 125
52 109 53
52 114 33
52 116 87
52 117 31
52 118 187
52 121 84
52 122 113
52 123 17
52 124 14
53 1 83
53 3 29
53 5 84
53 8 198
53 9 73
53 11 172
53 13 151
53 15 57
53 17 11
53 18 26
53 19 160
53 21 91
53 24 102
53 25 62
53 27 123
53 29 148
53 31 86
53 32 198
53 33 43
53 38 181
53 39 3
53 41 112
53 43 31
53 45 1
53 46 120
53 47 157
53 49 127
53 52 133
53 55 192
53 58 120
53 61 71
53 63 99
53 64 51
53 65 18
53 66 76
53 68 61
53 69 31
53 72 126
53 75 127
53 77 156
53 79 185
53 81 141
53 82 173
53 83 61
53 85 38
53 86 60
53 87 76
53 88 97
53 89 68
53 90 22
53 91 129
53 92 133
53 93 55
53 94 142
53 96 124
53 101 85
53 103 1
53 104 59
53 105 156
53 106 85
53 109 109
53 114 50
53 115 178
53 116 67
53 119 156
53 122 42
53 124 104
54 2 94
54 5 57
54 8 178
54 9 104
54 14 193
54 15 59
54 16 56
54 17 99
54 26 144
54 31 120
54 32 179
54 33 151
54 34 114
54 35 95
54 38 79
54 39 3
54 44 40
54 45 124
54 48 44
54 52 156
54 55 174
54 57 80
54 59 135
54 63 62
54 64 40
54 66 42
54 73 77
54 74 63
54 75 44
54 76 105
54 77 124
54 78 192
54 80 198
54 86 22
54 88 82
54 89 168
54 90 161
54 93 102
54 97 197
54 99 141
54 100 121
54 102 134
54 103 4
54 109 31
54 110 60
54 114 97
54 115 22
54 119 15
54 122 37
54 124 136
55 2 72
55 4 196
55 6 51
55 9 178
55 11 43
55 12 40
55 14 42
55 15 70
55 19 158
55 22 99
55 23 90
55 26 146
55 27 101
55 29 65
55 32 81
55 35 85
55 36 174
55 40 96
55 41 190
55 42 140
55 44 44
55 45 71
55 47 48
55 48 33
55 51 60
55 52 12
55 53 192
55 54 174
55 56 117
55 57 119
55 58 156
55 59 19
55 60 146
55 63 125
55 64 111
55 66 162
55 68 11
55 69 72
55 71 145
55 72 47
55 73 2
55 75 125
55 79 192
55 80 180
55 81 11
55 82 153
55 83 40
55 85 181
55 87 38
55 88 172
55 90 79
55 91 5
55 92 73
55 93 136
55 94 173
55 99 19
55 100 162
55 103 170
55 105 46
55 106 138
55 108 106
55 115 28
55 117 180
55 120 61
55 123 10
56 1 149
56 2 98
56 4 155
56 7 41
56 9 139
56 10 104
56 11 11
56 12 90
56 14 7
56 15 136
56 16 121
56 18 131
56 19 76
56 21 186
56 24 94
56 25 96
56 26 174
56 27 10
56 28 104
56 30 190
56 31 146
56 34 189
56 37 68
56 39 18
56 42 79
56 43 178
56 44 121
56 45 89
56 46 101
56 47 51
56 49 152
56 50 44
56 55 117
56 59 75
56 62 136
56 67 123
56 68 184
56 69 140
56 70 47
56 71 73
56 73 64
56 76 142
56 78 76
56 84 166
56 85 136
56 86 189
56 88 11
56 91 110
56 92 195
56 95 153
56 96 68
56 102 4
56 103 31
56 105 125
56 107 169
56 109 110
57 2 79
57 4 82
57 6 113
57 8 86
57 9 182
57 10 88
57 11 8
57 12 103
57 13 79
57 17 29
57 20 124
57 21 183
57 22 38
57 27 177
57 29 167
57 31 24
57 32 120
57 33 32
57 35 142
57 36 102
57 38 192
57 39 67
57 40 82
57 41 38
57 42 22
57 43 113
57 44 43
57 45 146
57 47 47
57 50 31
57 51 116
57 54 80
57 55 119
57 58 158
57 60 72
57 61 31
57 65 109
57 66 182
57 72 69
57 73 160
57 74 114
57 75 129
57 78 94
57 79 104
57 80 42
57 82 37
57 83 72
57 87 164
57 89 101
57 93 17
57 95 50
57 96 189
57 101 82
57 102 98
57 105 93
57 109 170
57 111 168
57 113 131
57 114 178
57 116 145
57 118 96
57 119 1
57 121 32
57 122 86
57 123 177
58 2 134
58 3 121
58 6 101
58 7 59
58 8 167
58 9 118
58 10 67
58 11 153
58 14 49
58 17 159
58 22 108
58 24 28
58 26 181
58 27 51
58 30 15
58 32 195
58 33 28
58 36 121
58 37 4
58 38 182
58 39 30
58 40 58
58 41 162
58 44 16
58 45 58
58 46 152
58 47 156
58 48 30
58 49 44
58 50 29
58 51 172
58 52 85
58 53 120
58 55 156
58 57 158
58 59 77
58 60 64
58 65 22
58 66 184
58 67 135
58 71 84
58 72 155
58 73 31
58 75 160
58 77 1
58 78 69
58 80 82
58 81 25
58 83 139
58 84 31
58 87 127
58 89 138
58 90 89
58 92 68
58 95 67
58 97 177
58 98 99
58 100 10
58 102 76
58 103 193
58 107 45
58 108 164
58 112 43
58 116 31
58 119 159
58 120 185
58 121 3
58 122 169
58 123 54
58 124 177
59 3 139
59 4 173
59 9 136
59 11 196
59 12 200
59 19 29
59 21 146
59 22 97
59 23 111
59 24 1
59 28 146
59 30 172
59 31 130
59 34 57
59 35 15
59 36 129
59 38 18
59 39 116
59 42 36
59 45 157
59 47 67
59 49 8
59 50 102
59 51 99
59 54 135
59 55 19
59 56 75
59 58 77
59 63 155
59 64 106
59 72 183
59 74 200
59 75 96
59 76 110
59 78 89
59 83 27
59 85 143
59 86 50
59 88 153
59 90 154
59 91 52
59 92 36
59 93 54
59 95 167
59 98 37
59 99 131
59 100 90
59 102 61
59 103 152
59 104 83
59 107 51
59 109 6
59 110 140
59 111 77
59 114 194
59 117 133
59 120 48
59 122 97
59 123 97
59 124 2
60 2 182
60 4 93
60 5 117
60 8 47
60 11 32
60 13 200
60 14 52
60 15 108
60 18 173
60 19 26
60 24 199
60 25 182
60 28 57
60 30 167
60 32 137
60 36 192
60 40 89
60 43 146
60 45 171
60 50 128
60 51 16
60 52 106
60 55 146
60 57 72
60 58 64
60 61 174
60 63 61
60 65 60
60 67 14
60 71 115
60 74 35
60 75 114
60 78 190
60 79 101
60 80 196
60 82 5
60 84 24
60 87 186
60 92 123
60 93 138
60 95 41
60 98 48
60 100 139
60 101 4
60 105 5
60 106 99
60 108 64
60 109 9
60 110 51
60 112 1
60 113 182
60 115 107
60 116 60
60 117 119
60 118 110
60 119 45
60 120 134
60 124 138
61 1 149
61 2 137
61 5 116
61 6 99
61 9 103
61 10 156
61 12 83
61 13 107
61 14 109
61 15 53
61 16 25
61 17 106
61 18 171
61 20 134
61 21 97
61 23 64
61 24 25
61 27 184
61 28 2
61 31 107
61 33 190
61 34 37
61 36 188
61 40 92
61 41 116
61 43 53
61 44 144
61 45 146
61 48 101
61 52 109
61 53 71
61 57 31
61 60 174
61 62 40
61 66 161
61 74 170
61 77 83
61 78 72
61 79 72
61 80 139
61 82 111
61 83 17
61 85 126
61 89 45
61 94 90
61 95 102
61 97 123
61 98 88
61 104 124
61 105 34
61 106 178
61 107 94
61 108 171
61 111 183
61 112 120
61 113 126
61 124 114
62 3 170
62 6 135
62 8 106
62 9 123
62 10 84
62 13 177
62 16 36
62 17 34
62 18 47
62 20 187
62 24 196
62 25 186
62 26 135
62 32 151
62 35 71
62 36 45
62 38 74
62 41 199
62 42 157
62 43 131
62 48 159
62 50 19
62 56 136
62 61 40
62 63 174
62 65 58
62 66 178
62 67 96
62 70 169
62 73 176
62 74 19
62 79 19
62 82 49
62 83 29
62 84 8
62 85 82
62 88 129
62 91 42
62 92 125
62 94 194
62 95 75
62 97 112
62 101 178
62 103 124
62 105 118
62 106 72
62 107 16
62 108 24
62 113 184
62 118 96
62 119 16
62 120 177
62 121 152
62 124 8
63 1 12
63 2 120
63 3 136
63 5 128
63 6 165
63 7 4
63 9 157
63 11 128
63 12 63
63 15 58
63 17 59
63 19 161
63 22 52
63 23 157
63 26 50
63 27 25
63 28 140
63 29 51
63 31 180
63 33 4
63 34 119
63 38 53
63 39 146
63 40 82
63 42 62
63 45 91
63 48 132
63 49 120
63 50 152
63 53 99
63 54 62
63 55 125
63 59 155
63 60 61
63 62 174
63 65 156
63 66 118
63 67 86
63 71 92
63 72 152
63 74 136
63 75 114
63 76 166
63 77 105
63 78 40
63 79 79
63 83 50
63 84 9
63 86 122
63 87 142
63 90 65
63 91 157
63 92 53
63 99 195
63 101 138
63 102 64
63 103 8
63 105 150
63 107 9
63 112 36
63 113 12
63 114 177
63 116 93
63 117 179
63 120 34
63 121 153
63 123 144
63 124 42
64 4 95
64 6 11
64 8 84
64 11 127
64 13 105
64 14 48
64 17 80
64 18 183
64 19 144
64 20 98
64 21 173
64 22 152
64 31 31
64 32 198
64 33 46
64 36 197
64 37 27
64 38 110
64 42 167
64 46 197
64 47 180
64 48 139
64 49 176
64 52 74
64 53 51
64 54 40
64 55 111
64 59 106
64 65 33
64 66 49
64 67 195
64 68 1
64 70 153
64 71 10
64 74 75
64 75 97
64 76 90
64 77 29
64 78 12
64 79 2
64 81 59
64 85 127
64 86 157
64 87 15
64 88 176
64 90 29
64 91 122
64 92 90
64 96 52
64 97 91
64 98 71
64 100 140
64 101 194
64 102 105
64 103 13
64 104 3
64 105 37
64 106 135
64 107 75
64 108 7
64 109 146
64 110 196
64 111 169
64 114 176
64 115 80
64 119 82
64 120 71
64 123 102
65 2 38
65 3 134
65 5 43
65 6 14
65 8 8
65 12 188
65 13 191
65 14 141
65 17 137
65 19 46
65 20 133
65 23 68
65 24 135
65 25 71
65 26 72
65 27 51
65 28 147
65 30 71
65 31 147
65 32 3
65 34 157
65 39 13
65 43 116
65 44 197
65 45 84
65 51 191
65 53 18
65 57 109
65 58 22
65 60 60
65 62 58
65 63 156
65 64 33
65 66 101
65 72 31
65 83 40
65 86 73
65 87 10
65 89 81
65 91 32
65 95 5
65 97 40
65 98 103
65 99 194
65 103 72
65 104 163
65 106 167
65 107 98
65 108 81
65 110 96
65 112 44
65 113 131
65 115 131
65 116 136
65 119 107
65 120 145
65 121 172
65 122 53
65 124 132
66 2 166
66 4 78
66 5 170
66 6 33
66 7 75
66 8 160
66 10 187
66 12 180
66 14 53
66 16 30
66 17 132
66 21 191
66 23 149
66 24 129
66 25 116
66 26 45
66 27 156
66 30 118
66 32 86
66 33 170
66 34 91
66 35 53
66 38 118
66 40 6
66 44 15
66 46 103
66 47 1
66 48 52
66 49 45
66 51 101
66 52 188
66 53 76
66 54 42
66 55 162
66 57 182
66 58 184
66 61 161
66 62 178
66 63 118
66 64 49
66 65 101
66 68 184
66 69 152
66 72 82
66 73 37
66 75 64
66 76 198
66 79 108
66 81 18
66 83 81
66 84 47
66 86 130
66 87 3
66 88 145
66 94 130
66 96 54
66 97 47
66 100 193
66 104 162
66 105 134
66 107 154
66 110 84
66 112 195
66 113 190
66 117 70
66 121 82
67 2 89
67 7 74
67 8 70
67 9 85
67 11 126
67 12 83
67 13 64
67 17 54
67 18 80
67 21 121
67 23 86
67 25 31
67 26 120
67 27 38
67 29 149
67 30 100
67 32 19
67 33 84
67 34 95
67 35 176
67 37 83
67 39 94
67 43 193
67 45 165
67 46 120
67 47 186
67 48 101
67 49 110
67 50 151
67 52 111
67 56 123
67 58 135
67 60 14
67 62 96
67 63 86
67 64 195
67 68 79
67 69 4
67 70 92
67 73 146
67 75 194
67 76 161
67 77 169
67 82 124
67 83 146
67 84 75
67 86 58
67 87 17
67 88 8
67 89 199
67 90 124
67 92 182
67 94 121
67 98 150
67 99 162
67 101 141
67 102 121
67 104 25
67 105 146
67 107 151
67 108 71
67 110 23
67 111 175
67 113 196
67 115 102
67 116 104
67 117 127
67 119 68
67 121 107
67 123 119
68 1 173
68 5 93
68 7 39
68 8 133
68 10 116
68 12 154
68 14 86
68 23 79
68 24 125
68 25 140
68 28 78
68 29 200
68 32 198
68 33 38
68 34 35
68 35 115
68 41 103
68 46 109
68 47 103
68 51 188
68 53 61
68 55 11
68 56 184
68 64 1
68 66 184
68 67 79
68 69 117
68 73 108
68 77 168
68 78 47
68 79 31
68 80 195
68 81 162
68 82 72
68 86 99
68 89 22
68 91 195
68 93 160
68 96 138
68 97 72
68 99 173
68 100 93
68 101 104
68 102 54
68 104 72
68 105 3
68 106 120
68 107 125
68 108 169
68 109 137
68 111 70
68 113 36
68 115 142
68 116 160
68 118 176
68 120 126
68 121 3
68 122 75
69 1 5
69 3 146
69 4 1
69 6 185
69 8 119
69 10 28
69 11 114
69 15 98
69 16 104
69 18 86
69 22 169
69 25 183
69 27 81
69 28 2
69 29 111
69 30 121
69 31 109
69 33 9
69 34 29
69 35 127
69 36 120
69 37 29
69 39 83
69 40 31
69 45 88
69 46 138
69 47 61
69 48 83
69 53 31
69 55 72
69 56 140
69 66 152
69 67 4
69 68 117
69 71 58
69 72 180
69 73 137
69 74 177
69 78 69
69 79 200
69 80 48
69 82 104
69 83 104
69 84 103
69 85 52
69 86 13
69 89 182
69 91 180
69 92 183
69 93 156
69 94 57
69 96 152
69 99 134
69 100 120
69 101 144
69 103 141
69 104 72
69 105 176
69 108 9
69 111 194
69 113 18
69 114 175
69 115 2
69 116 28
69 118 103
69 120 168
69 121 199
69 124 100
70 1 81
70 9 182
70 10 191
70 13 25
70 14 190
70 15 161
70 16 73
70 20 5
70 21 188
70 23 148
70 24 10
70 27 77
70 30 96
70 33 82
70 34 44
70 35 50
70 37 102
70 38 41
70 39 122
70 42 27
70 49 28
70 50 22
70 52 95
70 56 47
70 62 169
70 64 153
70 67 92
70 71 119
70 72 87
70 73 17
70 74 143
70 76 98
70 77 92
70 78 40
70 79 102
70 83 129
70 85 170
70 88 90
70 89 191
70 91 53
70 94 144
70 96 107
70 100 180
70 102 90
70 103 189
70 106 79
70 109 147
70 110 153
70 111 4
70 112 194
70 113 3
70 114 164
70 115 57
70 117 9
70 118 165
70 121 108
70 124 162
71 1 37
71 5 137
71 6 170
71 8 176
71 9 186
71 10 64
71 12 88
71 15 104
71 17 41
71 18 54
71 22 12
71 23 107
71 27 116
71 28 78
71 33 188
71 34 132
71 35 30
71 37 188
71 38 130
71 40 101
71 41 96
71 42 6
71 45 90
71 55 145
71 56 73
71 58 84
71 60 115
71 63 92
71 64 10
71 69 58
71 70 119
71 74 124
71 77 7
71 79 34
71 80 30
71 81 131
71 82 19
71 83 97
71 85 34
71 87 24
71 89 47
71 91 117
71 92 93
71 96 178
71 97 185
71 98 112
71 99 76
71 100 132
71 104 86
71 105 157
71 106 176
71 108 31
71 110 112
71 111 174
71 113 156
71 114 148
71 115 29
71 116 9
71 118 133
71 119 109
71 120 114
71 121 14
71 122 146
71 123 116
72 1 2
72 2 69
72 6 124
72 8 31
72 9 155
72 10 161
72 11 156
72 12 32
72 15 174
72 16 29
72 18 99
72 23 200
72 25 18
72 26 16
72 28 41
72 30 66
72 31 169
72 32 16
72 33 173
72 34 92
72 35 127
72 36 154
72 45 32
72 46 175
72 47 82
72 48 17
72 50 147
72 51 190
72 52 161
72 53 126
72 55 47
72 57 69
72 58 155
72 59 183
72 63 152
72 65 31
72 66 82
72 69 180
72 70 87
72 73 167
72 74 93
72 76 127
72 77 8
72 78 195
72 80 29
72 81 166
72 82 125
72 83 172
72 85 182
72 86 127
72 88 153
72 90 101
72 91 157
72 93 146
72 96 93
72 98 149
72 99 133
72 100 49
72 101 146
72 102 106
72 103 164
72 104 23
72 105 95
72 106 74
72 110 103
72 111 179
72 114 80
72 115 72
72 116 74
72 117 190
72 119 74
73 1 171
73 2 81
73 4 26
73 6 37
73 7 120
73 9 100
73 12 165
73 14 116
73 15 2
73 18 6
73 19 196
73 21 85
73 22 8
73 24 74
73 26 197
73 27 17
73 29 2
73 32 73
73 33 164
73 34 43
73 36 132
73 37 190
73 38 182
73 40 128
73 43 87
73 44 162
73 48 22
73 49 12
73 50 146
73 52 114
73 54 77
73 55 2
73 56 64
73 57 160
73 58 31
73 62 176
73 66 37
73 67 146
73 68 108
73 69 137
73 70 17
73 72 167
73 74 95
73 76 54
73 79 183
73 80 69
73 81 33
73 82 199
73 83 74
73 84 184
73 85 38
73 86 72
73 87 197
73 88 16
73 90 60
73 94 90
73 95 134
73 97 133
73 98 121
73 100 134
73 102 120
73 104 12
73 106 73
73 108 12
73 109 33
73 111 7
73 112 17
73 117 99
73 118 79
73 122 161
73 124 48
74 4 2
74 5 107
74 6 181
74 9 79
74 11 187
74 12 95
74 13 119
74 15 193
74 16 44
74 17 30
74 18 86
74 19 8
74 20 138
74 22 113
74 24 49
74 27 122
74 31 131
74 33 114
74 36 177
74 37 162
74 38 172
74 40 37
74 44 177
74 45 77
74 46 108
74 47 26
74 51 197
74 54 63
74 57 114
74 59 200
74 60 35
74 61 170
74 62 19
74 63 136
74 64 75
74 69 177
74 70 143
74 71 124
74 72 93
74 73 95
74 76 143
74 77 29
74 81 11
74 83 44
74 85 16
74 88 186
74 89 132
74 91 17
74 94 45
74 95 120
74 96 148
74 97 100
74 98 165
74 100 135
74 102 160
74 105 155
74 108 88
74 111 33
74 112 136
74 115 56
74 117 193
74 118 77
74 119 171
74 120 40
74 121 122
74 123 107
75 1 121
75 2 3
75 4 77
75 5 94
75 6 137
75 7 73
75 9 174
75 10 150
75 15 108
75 18 175
75 20 148
75 23 108
75 24 139
75 25 83
75 26 50
75 27 155
75 28 13
75 30 139
75 32 97
75 33 102
75 34 64
75 36 41
75 38 153
75 41 75
75 44 17
75 45 30
75 46 156
75 47 21
75 49 107
75 51 152
75 53 127
75 54 44
75 55 125
75 57 129
75 58 160
75 59 96
75 60 114
75 63 114
75 64 97
75 66 64
75 67 194
75 76 25
75 77 93
75 86 3
75 87 13
75 88 44
75 90 76
75 91 159
75 93 49
75 96 2
75 103 158
75 104 188
75 105 33
75 107 109
75 108 130
75 111 54
75 113 83
75 114 131
75 116 153
75 118 68
75 119 61
75 120 115
75 121 148
75 122 111
75 123 72
76 2 27
76 4 7
76 5 29
76 8 138
76 9 116
76 11 52
76 14 194
76 15 64
76 16 9
76 17 68
76 18 184
76 22 14
76 25 44
76 26 27
76 28 144
76 30 120
76 31 109
76 32 47
76 35 2
76 36 101
76 37 77
76 39 38
76 40 22
76 43 107
76 44 101
76 47 157
76 48 73
76 49 13
76 50 69
76 54 105
76 56 142
76 59 110
76 63 166
76 64 90
76 66 198
76 67 161
76 70 98
76 72 127
76 73 54
76 74 143
76 75 25
76 80 20
76 81 163
76 86 137
76 87 199
76 89 156
76 90 61
76 93 191
76 94 133
76 95 28
76 97 88
76 98 3
76 99 26
76 100 3
76 106 164
76 107 88
76 108 85
76 111 58
76 113 58
76 115 106
76 116 167
76 117 125
76 120 34
76 122 92
76 123 30
76 124 187
77 2 156
77 4 148
77 5 182
77 7 142
77 9 49
77 11 64
77 12 54
77 13 103
77 16 95
77 18 104
77 19 120
77 20 63
77 23 74
77 25 50
77 26 131
77 28 49
77 33 62
77 34 7
77 35 150
77 36 110
77 37 186
77 39 31
77 40 31
77 41 148
77 43 45
77 48 21
77 53 156
77 54 124
77 58 1
77 61 83
77 63 105
77 64 29
77 67 169
77 68 168
77 70 92
77 71 7
77 72 8
77 74 29
77 75 93
77 78 162
77 84 112
77 88 113
77 89 33
77 94 116
77 96 164
77 97 22
77 99 59
77 102 170
77 104 39
77 105 150
77 108 139
77 109 98
77 111 34
77 114 91
77 116 68
77 117 152
77 120 158
77 121 41
77 122 116
77 123 91
77 124 27
78 2 57
78 4 124
78 5 182
78 8 1
78 9 124
78 10 61
78 11 168
78 13 65
78 15 21
78 17 49
78 18 73
78 19 129
78 20 23
78 27 189
78 31 127
78 36 20
78 41 27
78 42 57
78 43 15
78 45 83
78 48 65
78 54 192
78 56 76
78 57 94
78 58 69
78 59 89
78 60 190
78 61 72
78 63 40
78 64 12
78 68 47
78 69 69
78 70 40
78 72 195
78 77 162
78 80 158
78 81 175
78 82 188
78 83 79
78 85 155
78 90 164
78 91 125
78 92 96
78 94 193
78 96 159
78 97 51
78 98 45
78 99 122
78 101 131
78 103 187
78 107 197
78 108 132
78 111 126
78 114 167
78 115 122
78 121 10
78 124 152
79 1 58
79 2 200
79 3 146
79 5 63
79 7 105
79 9 82
79 11 47
79 12 59
79 13 128
79 15 96
79 19 61
79 21 144
79 22 174
79 26 57
79 28 158
79 31 200
79 32 178
79 33 93
79 34 139
79 41 81
79 42 24
79 43 132
79 44 98
79 45 179
79 46 5
79 48 35
79 51 145
79 52 51
79 53 185
79 55 192
79 57 104
79 60 101
79 61 72
79 62 19
79 63 79
79 64 2
79 66 108
79 68 31
79 69 200
79 70 102
79 71 34
79 73 183
79 80 35
79 82 43
79 84 128
79 87 128
79 90 152
79 93 123
79 95 69
79 97 57
79 101 42
79 103 85
79 105 83
79 106 116
79 109 88
79 110 38
79 111 124
79 114 196
79 115 123
79 117 43
79 119 3
79 121 49
80 1 27
80 2 35
80 3 43
80 4 123
80 5 38
80 6 152
80 7 197
80 8 40
80 9 169
80 10 98
80 11 47
80 15 46
80 19 197
80 20 127
80 23 51
80 25 20
80 28 193
80 29 160
80 33 156
80 36 72
80 40 17
80 41 47
80 42 47
80 43 38
80 48 175
80 50 140
80 51 67
80 54 198
80 55 180
80 57 42
80 58 82
80 60 196
80 61 139
80 68 195
80 69 48
80 71 30
80 72 29
80 73 69
80 76 20
80 78 158
80 79 35
80 83 100
80 84 172
80 86 69
80 89 39
80 91 51
80 92 191
80 94 148
80 95 67
80 96 102
80 97 198
80 98 192
80 101 45
80 102 75
80 104 198
80 107 110
80 109 11
80 111 106
80 114 107
80 116 52
80 120 101
80 122 193
80 123 140
80 124 122
81 3 188
81 6 54
81 8 26
81 11 39
81 12 191
81 15 158
81 21 53
81 25 107
81 27 187
81 28 128
81 29 179
81 32 73
81 33 105
81 35 193
81 36 17
81 41 126
81 44 17
81 48 48
81 50 33
81 52 76
81 53 141
81 55 11
81 58 25
81 64 59
81 66 18
81 68 162
81 71 131
81 72 166
81 73 33
81 74 11
81 76 163
81 78 175
81 83 129
81 87 37
81 99 19
81 100 54
81 101 112
81 102 63
81 103 198
81 104 121
81 108 123
81 109 131
81 111 78
81 113 137
81 119 185
81 123 106
81 124 104
82 1 153
82 6 126
82 7 135
82 8 126
82 9 93
82 11 199
82 12 175
82 14 121
82 18 184
82 19 111
82 21 87
82 22 108
82 24 86
82 25 200
82 26 81
82 28 23
82 30 120
82 31 57
82 33 38
82 35 54
82 37 200
82 38 186
82 40 16
82 42 11
82 45 147
82 47 124
82 49 96
82 52 4
82 53 173
82 55 153
82 57 37
82 60 5
82 61 111
82 62 49
82 67 124
82 68 72
82 69 104
82 71 19
82 72 125
82 73 199
82 78 188
82 79 43
82 86 125
82 90 31
82 92 180
82 94 199
82 95 46
82 96 51
82 97 17
82 99 118
82 100 90
82 103 65
82 107 53
82 108 47
82 114 33
82 116 3
82 117 142
82 120 155
82 122 48
82 124 67
83 2 102
83 3 78
83 6 78
83 9 184
83 10 196
83 11 88
83 15 112
83 17 148
83 19 69
83 20 167
83 22 177
83 24 97
83 25 79
83 26 116
83 29 70
83 33 195
83 35 181
83 36 72
83 37 67
83 39 183
83 40 200
83 41 173
83 44 70
83 45 179
83 46 74
83 48 67
83 49 3
83 50 190
83 51 76
83 52 127
83 53 61
83 55 40
83 57 72
83 58 139
83 59 27
83 61 17
83 62 29
83 63 50
83 65 40
83 66 81
83 67 146
83 69 104
83 70 129
83 71 97
83 72 172
83 73 74
83 74 44
83 78 79
83 80 100
83 81 129
83 84 50
83 85 74
83 86 73
83 87 193
83 91 99
83 92 127
83 93 51
83 94 198
83 96 123
83 98 51
83 103 104
83 105 110
83 106 181
83 107 151
83 113 143
83 115 105
83 116 141
83 117 167
83 118 168
83 119 23
83 122 110
83 124 99
84 1 200
84 4 181
84 6 28
84 7 21
84 9 109
84 10 142
84 13 50
84 14 53
84 17 55
84 21 159
84 22 12
84 24 16
84 26 172
84 27 24
84 28 5
84 30 77
84 34 102
84 37 87
84 39 199
84 42 110
84 44 103
84 46 170
84 48 87
84 52 51
84 56 166
84 58 31
84 60 24
84 62 8
84 63 9
84 66 47
84 67 75
84 69 103
84 73 184
84 77 112
84 79 128
84 80 172
84 83 50
84 86 132
84 87 141
84 89 155
84 91 75
84 93 172
84 94 66
84 95 58
84 96 58
84 98 159
84 99 37
84 100 107
84 105 70
84 107 96
84 108 180
84 110 30
84 111 54
84 114 180
84 115 135
84 116 17
84 117 133
84 118 78
84 120 133
84 121 168
84 122 76
84 124 173
85 2 197
85 3 60
85 7 154
85 11 112
85 13 188
85 14 38
85 15 57
85 16 119
85 18 39
85 19 14
85 21 185
85 22 60
85 23 13
85 24 39
85 26 67
85 28 41
85 29 156
85 32 119
85 35 153
85 41 83
85 46 3
85 49 196
85 50 19
85 53 38
85 55 181
85 56 136
85 59 143
85 61 126
85 62 82
85 64 127
85 69 52
85 70 170
85 71 34
85 72 182
85 73 38
85 74 16
85 78 155
85 83 74
85 86 95
85 87 24
85 88 152
85 90 75
85 93 158
85 94 166
85 95 51
85 98 34
85 102 125
85 103 23
85 106 81
85 108 114
85 111 128
85 113 19
85 114 164
85 117 170
85 118 100
85 119 91
85 122 19
86 2 55
86 3 145
86 6 23
86 7 78
86 10 91
86 11 102
86 12 21
86 13 125
86 14 34
86 15 65
86 16 176
86 19 3
86 20 9
86 21 9
86 22 132
86 23 194
86 24 128
86 26 19
86 27 127
86 29 114
86 31 185
86 33 9
86 36 36
86 38 87
86 39 144
86 44 176
86 45 14
86 47 69
86 49 132
86 50 16
86 51 42
86 52 160
86 53 60
86 54 22
86 56 189
86 59 50
86 63 122
86 64 157
86 65 73
86 66 130
86 67 58
86 68 99
86 69 13
86 72 127
86 73 72
86 75 3
86 76 137
86 80 69
86 82 125
86 83 73
86 84 132
86 85 95
86 87 2
86 88 107
86 89 85
86 92 71
86 93 14
86 94 174
86 95 172
86 99 118
86 103 109
86 105 32
86 106 115
86 107 57
86 108 131
86 110 101
86 113 135
86 114 171
86 115 159
86 116 79
86 118 92
86 120 72
86 121 94
86 124 8
87 3 189
87 8 195
87 11 165
87 12 44
87 15 194
87 17 112
87 19 38
87 20 146
87 23 125
87 24 121
87 29 108
87 31 157
87 32 81
87 33 116
87 38 8
87 39 142
87 40 77
87 41 48
87 43 75
87 44 95
87 46 8
87 48 155
87 50 1
87 51 19
87 53 76
87 55 38
87 57 164
87 58 127
87 60 186
87 63 142
87 64 15
87 65 10
87 66 3
87 67 17
87 71 24
87 73 197
87 75 13
87 76 199
87 79 128
87 81 37
87 83 193
87 84 141
87 85 24
87 86 2
87 91 135
87 92 118
87 94 134
87 100 88
87 103 32
87 105 83
87 106 95
87 111 179
87 112 161
87 113 54
87 114 146
87 115 90
87 117 75
87 119 147
87 120 183
87 122 138
87 123 103
87 124 114
88 3 33
88 5 44
88 6 70
88 7 174
88 10 160
88 12 54
88 13 181
88 19 87
88 20 196
88 21 34
88 23 163
88 24 85
88 25 46
88 29 53
88 30 135
88 31 122
88 35 112
88 37 175
88 38 69
88 40 44
88 42 124
88 44 143
88 46 41
88 47 48
88 49 162
88 53 97
88 54 82
88 55 172
88 56 11
88 59 153
88 62 129
88 64 176
88 66 145
88 67 8
88 70 90
88 72 153
88 73 16
88 74 186
88 75 44
88 77 113
88 85 152
88 86 107
88 89 151
88 91 187
88 93 132
88 96 148
88 99 57
88 101 94
88 102 199
88 107 162
88 109 60
88 112 61
88 116 171
88 117 72
88 118 1
88 119 63
88 120 155
88 121 87
88 123 122
89 1 197
89 2 7
89 5 179
89 6 9
89 7 102
89 12 88
89 13 196
89 15 168
89 16 167
89 17 119
89 18 61
89 20 88
89 24 9
89 26 140
89 27 118
89 29 6
89 30 76
89 31 46
89 32 122
89 33 13
89 35 35
89 36 85
89 37 74
89 39 172
89 40 185
89 42 77
89 43 192
89 45 175
89 49 191
89 51 34
89 53 68
89 54 168
89 57 101
89 58 138
89 61 45
89 65 81
89 67 199
89 68 22
89 69 182
89 70 191
89 71 47
89 74 132
89 76 156
89 77 33
89 80 39
89 84 155
89 86 85
89 88 151
89 92 176
89 95 107
89 96 40
89 98 104
89 99 66
89 100 91
89 104 138
89 105 70
89 106 12
89 108 42
89 110 152
89 113 12
89 114 32
89 115 173
89 116 173
89 122 77
89 124 122
90 1 60
90 11 39
90 13 150
90 14 38
90 16 5
90 18 1
90 19 78
90 27 129
90 28 23
90 29 117
90 31 61
90 32 93
90 33 62
90 34 97
90 35 181
90 37 106
90 38 13
90 39 136
90 45 144
90 46 22
90 47 152
90 48 18
90 49 8
90 51 97
90 53 22
90 54 161
90 55 79
90 58 89
90 59 154
90 63 65
90 64 29
90 67 124
90 72 101
90 73 60
90 75 76
90 76 61
90 78 164
90 79 152
90 82 31
90 85 75
90 91 20
90 92 195
90 93 78
90 94 161
90 96 142
90 97 172
90 98 101
90 100 159
90 105 181
90 106 192
90 108 196
90 110 127
90 112 190
90 114 84
90 116 196
90 119 64
90 123 94
90 124 128
91 1 63
91 2 150
91 5 133
91 8 195
91 9 22
91 11 31
91 15 48
91 16 162
91 18 33
91 19 79
91 20 110
91 21 118
91 23 186
91 26 25
91 27 125
91 29 111
91 33 9
91 39 196
91 40 75
91 43 162
91 44 163
91 45 1
91 46 176
91 48 10
91 50 66
91 51 120
91 52 61
91 53 129
91 55 5
91 56 110
91 59 52
91 62 42
91 63 157
91 64 122
91 65 32
91 68 195
91 69 180
91 70 53
91 71 117
91 72 157
91 74 17
91 75 159
91 78 125
91 80 51
91 83 99
91 84 75
91 87 135
91 88 187
91 90 20
91 93 82
91 95 148
91 96 106
91 98 196
91 100 146
91 103 183
91 106 28
91 107 98
91 112 6
91 113 33
91 114 41
91 115 72
91 117 114
91 118 103
91 120 138
91 121 200
91 122 94
91 124 13
92 1 155
92 2 171
92 3 46
92 5 169
92 7 6
92 9 32
92 10 49
92 11 9
92 13 125
92 15 146
92 17 135
92 18 88
92 20 110
92 21 158
92 24 70
92 28 98
92 29 150
92 32 55
92 33 173
92 37 66
92 39 88
92 41 49
92 44 163
92 46 191
92 50 4
92 53 133
92 55 73
92 56 195
92 58 68
92 59 36
92 60 123
92 62 125
92 63 53
92 64 90
92 67 182
92 69 183
92 71 93
92 78 96
92 80 191
92 82 180
92 83 127
92 86 71
92 87 118
92 89 176
92 90 195
92 93 61
92 97 79
92 98 46
92 99 64
92 101 175
92 102 108
92 103 106
92 104 165
92 105 46
92 106 81
92 108 87
92 110 54
92 111 67
92 112 138
92 113 174
92 118 44
92 119 20
92 121 36
92 123 160
93 3 111
93 7 133
93 10 43
93 12 169
93 13 55
93 16 187
93 17 148
93 20 144
93 23 48
93 24 4
93 28 112
93 29 115
93 33 196
93 34 171
93 35 76
93 37 84
93 38 79
93 39 99
93 41 27
93 42 174
93 44 137
93 45 57
93 46 106
93 50 106
93 51 113
93 53 55
93 54 102
93 55 136
93 57 17
93 59 54
93 60 138
93 68 160
93 69 156
93 72 146
93 75 49
93 76 191
93 79 123
93 83 51
93 84 172
93 85 158
93 86 14
93 88 132
93 90 78
93 91 82
93 92 61
93 96 105
93 97 88
93 101 39
93 103 28
93 104 94
93 105 156
93 106 125
93 107 41
93 109 2
93 117 200
93 118 144
93 120 74
93 123 114
93 124 107
94 4 107
94 5 83
94 7 171
94 12 117
94 13 198
94 14 52
94 15 94
94 16 30
94 19 184
94 20 73
94 21 42
94 25 194
94 27 76
94 30 195
94 31 60
94 32 78
94 33 13
94 36 160
94 37 173
94 38 38
94 40 151
94 41 81
94 42 88
94 44 193
94 46 103
94 49 63
94 50 73
94 53 142
94 55 173
94 61 90
94 62 194
94 66 130
94 67 121
94 69 57
94 70 144
94 73 90
94 74 45
94 76 133
94 77 116
94 78 193
94 80 148
94 82 199
94 83 198
94 84 66
94 85 166
94 86 174
94 87 134
94 90 161
94 95 193
94 97 65
94 98 31
94 100 174
94 101 104
94 102 19
94 103 13
94 105 184
94 107 79
94 110 61
94 111 160
94 112 121
94 115 16
94 116 101
94 119 72
94 121 16
94 122 135
94 123 21
95 1 40
95 3 18
95 4 24
95 6 102
95 7 32
95 8 42
95 12 170
95 15 95
95 16 29
95 17 28
95 19 10
95 20 144
95 21 123
95 23 181
95 24 125
95 26 147
95 29 197
95 30 88
95 31 182
95 32 5
95 33 161
95 34 92
95 35 186
95 36 44
95 39 27
95 40 155
95 42 103
95 43 119
95 47 87
95 50 160
95 56 153
95 57 50
95 58 67
95 59 167
95 60 41
95 61 102
95 62 75
95 65 5
95 73 134
95 74 120
95 76 28
95 79 69
95 80 67
95 82 46
95 84 58
95 85 51
95 86 172
95 89 107
95 91 148
95 94 193
95 97 6
95 103 200
95 106 132
95 109 129
95 111 152
95 112 185
95 113 42
95 114 85
95 115 154
95 116 7
95 117 177
95 118 40
95 119 127
95 120 91
95 121 9
95 122 36
95 123 5
95 124 48
96 1 161
96 5 14
96 6 21
96 9 27
96 10 139
96 11 119
96 12 107
96 18 79
96 20 197
96 22 22
96 23 151
96 24 91
96 25 93
96 30 107
96 31 53
96 32 97
96 35 129
96 38 169
96 40 98
96 43 147
96 46 134
96 47 153
96 48 139
96 53 124
96 56 68
96 57 189
96 64 52
96 66 54
96 68 138
96 69 152
96 70 107
96 71 178
96 72 93
96 74 148
96 75 2
96 77 164
96 78 159
96 80 102
96 82 51
96 83 123
96 84 58
96 88 148
96 89 40
96 90 142
96 91 106
96 93 105
96 99 40
96 103 143
96 107 90
96 111 151
96 112 180
96 113 112
96 117 67
96 118 141
96 119 183
96 120 28
96 122 42
96 123 26
97 1 128
97 2 135
97 3 34
97 4 7
97 5 132
97 8 8
97 14 178
97 16 81
97 17 20
97 18 11
97 19 103
97 20 85
97 27 25
97 29 136
97 32 70
97 33 26
97 34 165
97 35 24
97 36 21
97 37 150
97 38 66
97 39 172
97 41 173
97 43 139
97 46 161
97 47 14
97 48 99
97 49 165
97 51 141
97 54 197
97 58 177
97 61 123
97 62 112
97 64 91
97 65 40
97 66 47
97 68 72
97 71 185
97 73 133
97 74 100
97 76 88
97 77 22
97 78 51
97 79 57
97 80 198
97 82 17
97 90 172
97 92 79
97 93 88
97 94 65
97 95 6
97 98 62
97 99 192
97 100 2
97 101 30
97 103 170
97 104 102
97 105 44
97 106 90
97 109 8
97 112 159
97 113 120
97 114 182
97 118 112
97 119 34
97 121 179
97 122 102
97 124 197
98 6 111
98 8 130
98 12 69
98 13 190
98 14 38
98 15 85
98 19 190
98 20 182
98 24 112
98 25 146
98 28 187
98 29 126
98 34 179
98 35 155
98 40 159
98 41 10
98 46 122
98 48 100
98 52 113
98 58 99
98 59 37
98 60 48
98 61 88
98 64 71
98 65 103
98 67 150
98 71 112
98 72 149
98 73 121
98 74 165
98 76 3
98 78 45
98 80 192
98 83 51
98 84 159
98 85 34
98 89 104
98 90 101
98 91 196
98 92 46
98 94 31
98 97 62
98 99 87
98 101 114
98 103 46
98 104 37
98 106 97
98 107 46
98 109 134
98 111 11
98 113 106
98 115 152
98 116 169
98 118 131
98 119 49
98 120 64
98 123 144
98 124 93
99 1 177
99 5 4
99 6 58
99 9 192
99 11 32
99 13 61
99 15 128
99 16 25
99 17 95
99 18 198
99 23 16
99 24 70
99 25 46
99 28 120
99 30 25
99 31 61
99 32 167
99 34 52
99 35 37
99 36 115
99 38 123
99 39 24
99 42 154
99 44 13
99 46 2
99 47 145
99 51 44
99 54 141
99 55 19
99 59 131
99 63 195
99 65 194
99 67 162
99 68 173
99 69 134
99 71 76
99 72 133
99 76 26
99 77 59
99 78 122
99 81 19
99 82 118
99 84 37
99 86 118
99 88 57
99 89 66
99 92 64
99 96 40
99 97 192
99 98 87
99 100 183
99 102 148
99 104 77
99 105 64
99 106 2
99 109 187
99 113 14
99 117 40
99 118 59
99 119 5
99 120 121
99 122 36
99 123 183
100 1 196
100 4 133
100 6 11
100 9 138
100 14 200
100 15 177
100 17 6
100 18 178
100 21 4
100 22 192
100 23 13
100 25 139
100 26 188
100 27 121
100 28 122
100 29 113
100 30 162
100 32 10
100 37 22
100 41 180
100 44 63
100 45 47
100 46 153
100 47 50
100 48 131
100 49 48
100 50 46
100 54 121
100 55 162
100 58 10
100 59 90
100 60 139
100 64 140
100 66 193
100 68 93
100 69 120
100 70 180
100 71 132
100 72 49
100 73 134
100 74 135
100 76 3
100 81 54
100 82 90
100 84 107
100 87 88
100 89 91
100 90 159
100 91 146
100 94 174
100 97 2
100 99 183
100 107 147
100 110 112
100 111 113
100 113 124
100 114 195
100 115 141
100 117 162
100 118 175
100 120 74
100 121 92
100 122 36
100 123 126
101 3 99
101 5 42
101 6 99
101 8 87
101 12 45
101 14 132
101 15 193
101 18 112
101 19 21
101 20 151
101 21 142
101 23 15
101 25 32
101 26 57
101 29 32
101 32 15
101 34 122
101 36 200
101 38 101
101 40 73
101 41 75
101 42 35
101 46 122
101 47 113
101 53 85
101 57 82
101 60 4
101 62 178
101 63 138
101 64 194
101 67 141
101 68 104
101 69 144
101 72 146
101 78 131
101 79 42
101 80 45
101 81 112
101 88 94
101 92 175
101 93 39
101 94 104
101 97 30
101 98 114
101 102 173
101 104 1
101 106 85
101 111 15
101 114 12
101 116 94
101 119 178
101 120 145
101 123 149
101 124 107
102 1 114
102 6 193
102 8 58
102 9 107
102 12 109
102 14 138
102 15 94
102 17 114
102 20 87
102 21 178
102 25 49
102 26 10
102 27 84
102 29 51
102 34 105
102 36 102
102 38 85
102 41 57
102 42 26
102 45 113
102 47 110
102 48 117
102 49 116
102 52 21
102 54 134
102 56 4
102 57 98
102 58 76
102 59 61
102 63 64
102 64 105
102 67 121
102 68 54
102 70 90
102 72 106
102 73 120
102 74 160
102 77 170
102 80 75
102 81 63
102 85 125
102 88 199
102 92 108
102 94 19
102 99 148
102 101 173
102 104 162
102 105 115
102 111 136
102 112 67
102 113 13
102 115 93
102 116 93
102 118 60
103 1 74
103 8 29
103 9 95
103 10 78
103 12 178
103 14 36
103 16 28
103 18 121
103 19 156
103 25 31
103 26 159
103 28 158
103 29 174
103 30 119
103 31 169
103 32 11
103 33 56
103 39 197
103 41 152
103 48 196
103 49 145
103 51 11
103 53 1
103 54 4
103 55 170
103 56 31
103 58 193
103 59 152
103 62 124
103 63 8
103 64 13
103 65 72
103 69 141
103 70 189
103 72 164
103 75 158
103 78 187
103 79 85
103 81 198
103 82 65
103 83 104
103 85 23
103 86 109
103 87 32
103 91 183
103 92 106
103 93 28
103 94 13
103 95 200
103 96 143
103 97 170
103 98 46
103 106 88
103 108 15
103 109 187
103 110 4
103 112 164
103 113 51
103 114 142
103 116 31
104 1 19
104 2 141
104 3 118
104 4 126
104 6 185
104 7 142
104 8 32
104 17 63
104 19 48
104 22 64
104 23 149
104 24 117
104 25 198
104 34 116
104 35 96
104 36 185
104 38 42
104 39 120
104 40 109
104 42 159
104 48 107
104 53 59
104 59 83
104 61 124
104 64 3
104 65 163
104 66 162
104 67 25
104 68 72
104 69 72
104 71 86
104 72 23
104 73 12
104 75 188
104 77 39
104 80 198
104 81 121
104 89 138
104 92 165
104 93 94
104 97 102
104 98 37
104 99 77
104 101 1
104 102 162
104 108 122
104 109 59
104 111 189
104 114 21
104 115 2
104 116 188
104 122 153
104 124 156
105 1 114
105 2 84
105 11 35
105 12 105
105 13 46
105 14 141
105 15 33
105 19 44
105 24 43
105 25 15
105 27 179
105 28 92
105 29 134
105 30 179
105 32 128
105 34 182
105 36 97
105 37 163
105 38 190
105 40 200
105 41 168
105 44 94
105 47 36
105 53 156
105 55 46
105 56 125
105 57 93
105 60 5
105 61 34
105 62 118
105 63 150
105 64 37
105 66 134
105 67 146
105 68 3
105 69 176
105 71 157
105 72 95
105 74 155
105 75 33
105 77 150
105 79 83
105 83 110
105 84 70
105 86 32
105 87 83
105 89 70
105 90 181
105 92 46
105 93 156
105 94 184
105 97 44
105 99 64
105 102 115
105 106 137
105 108 77
105 112 19
105 113 177
105 114 172
105 115 122
105 118 36
105 119 164
106 3 47
106 5 86
106 6 197
106 9 127
106 11 132
106 12 27
106 13 70
106 15 57
106 19 64
106 22 129
106 25 148
106 27 113
106 28 129
106 31 3
106 35 52
106 36 89
106 37 125
106 38 100
106 39 168
106 40 105
106 41 52
106 43 24
106 48 83
106 50 10
106 51 81
106 53 85
106 55 138
106 60 99
106 61 178
106 62 72
106 64 135
106 65 167
106 68 120
106 70 79
106 71 176
106 72 74
106 73 73
106 76 164
106 79 116
106 83 181
106 85 81
106 86 115
106 87 95
106 89 12
106 90 192
106 91 28
106 92 81
106 93 125
106 95 132
106 97 90
106 98 97
106 99 2
106 101 85
106 103 88
106 105 137
106 107 152
106 110 18
106 114 97
106 115 73
106 117 101
106 118 163
106 119 42
106 120 177
106 122 25
107 1 29
107 3 7
107 5 19
107 6 114
107 7 92
107 8 138
107 13 67
107 14 174
107 16 194
107 17 13
107 21 147
107 22 59
107 23 106
107 24 40
107 25 34
107 26 186
107 28 31
107 30 60
107 32 60
107 34 12
107 35 65
107 36 9
107 37 143
107 38 146
107 39 20
107 41 76
107 43 30
107 48 74
107 49 34
107 52 125
107 56 169
107 58 45
107 59 51
107 61 94
107 62 16
107 63 9
107 64 75
107 65 98
107 66 154
107 67 151
107 68 125
107 75 109
107 76 88
107 78 197
107 80 110
107 82 53
107 83 151
107 84 96
107 86 57
107 88 162
107 91 98
107 93 41
107 94 79
107 96 90
107 98 46
107 100 147
107 106 152
107 108 55
107 112 160
107 113 110
107 114 161
107 115 55
107 120 41
107 122 31
108 1 21
108 4 58
108 5 45
108 6 168
108 8 91
108 9 120
108 11 11
108 15 55
108 16 68
108 17 173
108 20 169
108 21 98
108 24 169
108 25 121
108 26 7
108 30 105
108 32 103
108 33 154
108 34 117
108 37 120
108 39 84
108 41 118
108 44 180
108 45 76
108 46 8
108 47 142
108 49 163
108 50 154
108 51 156
108 55 106
108 58 164
108 60 64
108 61 171
108 62 24
108 64 7
108 65 81
108 67 71
108 68 169
108 69 9
108 71 31
108 73 12
108 74 88
108 75 130
108 76 85
108 77 139
108 78 132
108 81 123
108 82 47
108 84 180
108 85 114
108 86 131
108 89 42
108 90 196
108 92 87
108 103 15
108 104 122
108 105 77
108 107 55
108 109 142
108 113 143
108 114 102
108 119 175
108 121 158
108 123 134
109 3 174
109 6 28
109 9 27
109 11 115
109 14 153
109 15 170
109 16 154
109 17 198
109 18 151
109 19 155
109 20 194
109 21 90
109 26 36
109 33 174
109 36 108
109 37 99
109 41 42
109 42 58
109 44 2
109 46 41
109 47 34
109 49 38
109 50 31
109 51 24
109 52 53
109 53 109
109 54 31
109 56 110
109 57 170
109 59 6
109 60 9
109 64 146
109 68 137
109 70 147
109 73 33
109 77 98
109 79 88
109 80 11
109 81 131
109 88 60
109 93 2
109 95 129
109 97 8
109 98 134
109 99 187
109 103 187
109 104 59
109 108 142
109 110 116
109 111 33
109 114 118
109 116 89
109 119 172
109 121 194
109 122 68
109 123 187
110 2 123
110 4 43
110 5 78
110 6 170
110 12 188
110 13 86
110 15 102
110 16 56
110 17 4
110 19 114
110 22 53
110 23 137
110 24 142
110 25 20
110 26 113
110 28 85
110 29 66
110 31 154
110 33 60
110 36 197
110 38 189
110 39 78
110 45 133
110 47 181
110 48 39
110 50 174
110 54 60
110 59 140
110 60 51
110 64 196
110 65 96
110 66 84
110 67 23
110 70 153
110 71 112
110 72 103
110 79 38
110 84 30
110 86 101
110 89 152
110 90 127
110 92 54
110 94 61
110 100 112
110 103 4
110 106 18
110 109 116
110 111 174
110 114 21
110 116 42
110 123 17
111 1 39
111 3 101
111 4 171
111 6 108
111 8 117
111 11 10
111 12 143
111 13 60
111 15 142
111 16 193
111 17 167
111 18 49
111 19 83
111 21 182
111 22 114
111 24 168
111 25 16
111 26 48
111 27 177
111 29 161
111 34 199
111 36 86
111 37 155
111 39 86
111 40 112
111 42 81
111 43 62
111 47 100
111 48 139
111 49 194
111 50 68
111 51 36
111 57 168
111 59 77
111 61 183
111 64 169
111 67 175
111 68 70
111 69 194
111 70 4
111 71 174
111 72 179
111 73 7
111 74 33
111 75 54
111 76 58
111 77 34
111 78 126
111 79 124
111 80 106
111 81 78
111 84 54
111 85 128
111 87 179
111 92 67
111 94 160
111 95 152
111 96 151
111 98 11
111 100 113
111 101 15
111 102 136
111 104 189
111 109 33
111 110 174
111 112 155
111 113 106
111 115 113
111 116 82
111 120 53
111 122 144
111 123 169
112 1 44
112 2 181
112 4 115
112 5 45
112 7 28
112 10 173
112 11 64
112 12 165
112 14 178
112 18 48
112 19 74
112 21 179
112 28 151
112 29 146
112 31 159
112 33 41
112 36 46
112 37 33
112 39 154
112 40 185
112 43 35
112 45 30
112 46 23
112 49 162
112 51 155
112 58 43
112 60 1
112 61 120
112 63 36
112 65 44
112 66 195
112 70 194
112 73 17
112 74 136
112 87 161
112 88 61
112 90 190
112 91 6
112 92 138
112 94 121
112 95 185
112 96 180
112 97 159
112 102 67
112 103 164
112 105 19
112 107 160
112 111 155
112 114 107
112 117 179
112 118 59
112 119 50
112 120 65
112 123 133
113 1 164
113 3 145
113 11 91
113 13 5
113 16 174
113 18 159
113 19 90
113 21 39
113 23 63
113 26 93
113 29 1
113 30 44
113 31 1
113 33 50
113 35 113
113 36 178
113 38 100
113 39 16
113 41 23
113 42 41
113 43 155
113 44 65
113 46 111
113 47 110
113 48 148
113 49 173
113 57 131
113 60 182
113 61 126
113 62 184
113 63 12
113 65 131
113 66 190
113 67 196
113 68 36
113 69 18
113 70 3
113 71 156
113 75 83
113 76 58
113 81 137
113 83 143
113 85 19
113 86 135
113 87 54
113 89 12
113 91 33
113 92 174
113 95 42
113 96 112
113 97 120
113 98 106
113 99 14
113 100 124
113 102 13
113 103 51
113 105 177
113 107 110
113 108 143
113 111 106
113 114 76
113 115 115
113 116 52
113 118 13
113 120 100
113 121 113
114 1 106
114 2 97
114 3 130
114 5 22
114 8 69
114 10 173
114 11 52
114 13 133
114 17 45
114 18 134
114 19 128
114 24 154
114 25 169
114 26 69
114 29 28
114 32 51
114 36 29
114 39 71
114 44 102
114 46 173
114 47 199
114 49 159
114 52 33
114 53 50
114 54 97
114 57 178
114 59 194
114 63 177
114 64 176
114 69 175
114 70 164
114 71 148
114 72 80
114 75 131
114 77 91
114 78 167
114 79 196
114 80 107
114 82 33
114 84 180
114 85 164
114 86 171
114 87 146
114 89 32
114 90 84
114 91 41
114 95 85
114 97 182
114 100 195
114 101 12
114 103 142
114 104 21
114 105 172
114 106 97
114 107 161
114 108 102
114 109 118
114 110 21
114 112 107
114 113 76
114 116 15
114 118 108
114 120 140
114 124 108
115 8 170
115 12 49
115 14 73
115 15 3
115 16 56
115 17 170
115 18 30
115 19 136
115 22 102
115 23 105
115 24 55
115 25 125
115 26 93
115 27 42
115 28 186
115 29 63
115 31 87
115 34 153
115 36 194
115 41 114
115 42 61
115 44 162
115 45 70
115 46 52
115 47 61
115 48 108
115 49 93
115 53 178
115 54 22
115 55 28
115 60 107
115 64 80
115 65 131
115 67 102
115 68 142
115 69 2
115 70 57
115 71 29
115 72 72
115 74 56
115 76 106
115 78 122
115 79 123
115 83 105
115 84 135
115 86 159
115 87 90
115 89 173
115 91 72
115 94 16
115 95 154
115 98 152
115 100 141
115 102 93
115 104 2
115 105 122
115 106 73
115 107 55
115 111 113
115 113 115
115 116 64
115 117 116
115 119 113
115 121 33
116 2 83
116 4 105
116 5 121
116 6 114
116 16 37
116 20 189
116 21 172
116 24 116
116 25 111
116 26 25
116 31 41
116 34 104
116 35 179
116 36 3
116 39 95
116 42 35
116 43 50
116 44 182
116 47 142
116 48 137
116 49 122
116 51 153
116 52 87
116 53 67
116 57 145
116 58 31
116 60 60
116 63 93
116 65 136
116 67 104
116 68 160
116 69 28
116 71 9
116 72 74
116 75 153
116 76 167
116 77 68
116 80 52
116 82 3
116 83 141
116 84 17
116 86 79
116 88 171
116 89 173
116 90 196
116 94 101
116 95 7
116 98 169
116 101 94
116 102 93
116 103 31
116 104 188
116 109 89
116 110 42
116 111 82
116 113 52
116 114 15
116 115 64
116 117 36
116 121 14
116 122 170
116 123 30
116 124 62
117 4 168
117 5 80
117 8 15
117 11 24
117 13 184
117 14 5
117 16 60
117 18 82
117 20 173
117 22 89
117 24 123
117 25 118
117 28 197
117 29 84
117 30 42
117 33 75
117 35 133
117 37 16
117 39 107
117 40 73
117 46 21
117 47 23
117 50 177
117 51 63
117 52 31
117 55 180
117 59 133
117 60 119
117 63 179
117 66 70
117 67 127
117 70 9
117 72 190
117 73 99
117 74 193
117 76 125
117 77 152
117 79 43
117 82 142
117 83 167
117 84 133
117 85 170
117 87 75
117 88 72
117 91 114
117 93 200
117 95 177
117 96 67
117 99 40
117 100 162
117 106 101
117 112 179
117 115 116
117 116 36
117 119 23
117 120 64
118 1 23
118 4 176
118 5 13
118 6 31
118 8 71
118 9 131
118 11 136
118 13 46
118 16 51
118 17 126
118 18 74
118 19 39
118 20 197
118 25 195
118 28 23
118 29 99
118 31 51
118 34 100
118 36 158
118 40 176
118 42 13
118 43 88
118 44 12
118 46 75
118 47 174
118 49 17
118 50 39
118 51 75
118 52 187
118 57 96
118 60 110
118 62 96
118 68 176
118 69 103
118 70 165
118 71 133
118 73 79
118 74 77
118 75 68
118 83 168
118 84 78
118 85 100
118 86 92
118 88 1
118 91 103
118 92 44
118 93 144
118 95 40
118 96 141
118 97 112
118 98 131
118 99 59
118 100 175
118 102 60
118 105 36
118 106 163
118 112 59
118 113 13
118 114 108
118 119 194
118 120 179
118 121 76
119 2 162
119 3 182
119 5 72
119 6 32
119 8 47
119 11 142
119 12 149
119 17 44
119 19 16
119 20 153
119 23 84
119 24 64
119 28 25
119 30 138
119 32 138
119 34 103
119 37 16
119 38 107
119 39 9
119 40 189
119 43 166
119 45 154
119 47 148
119 49 38
119 50 19
119 53 156
119 54 15
119 57 1
119 58 159
119 60 45
119 62 16
119 64 82
119 65 107
119 67 68
119 71 109
119 72 74
119 74 171
119 75 61
119 79 3
119 81 185
119 83 23
119 85 91
119 87 147
119 88 63
119 90 64
119 92 20
119 94 72
119 95 127
119 96 183
119 97 34
119 98 49
119 99 5
119 101 178
119 105 164
119 106 42
119 108 175
119 109 172
119 112 50
119 115 113
119 117 23
119 118 194
119 120 7
119 121 63
119 124 193
120 1 120
120 2 4
120 4 159
120 5 180
120 6 172
120 7 111
120 10 57
120 14 32
120 15 143
120 17 78
120 18 193
120 21 110
120 25 66
120 26 90
120 27 58
120 28 2
120 32 61
120 36 178
120 37 4
120 39 112
120 40 174
120 45 181
120 48 62
120 49 176
120 50 137
120 51 194
120 55 61
120 58 185
120 59 48
120 60 134
120 62 177
120 63 34
120 64 71
120 65 145
120 68 126
120 69 168
120 71 114
120 74 40
120 75 115
120 76 34
120 77 158
120 80 101
120 82 155
120 84 133
120 86 72
120 87 183
120 88 155
120 91 138
120 93 74
120 95 91
120 96 28
120 98 64
120 99 121
120 100 74
120 101 145
120 106 177
120 107 41
120 111 53
120 112 65
120 113 100
120 114 140
120 117 64
120 118 179
120 119 7
120 123 124
120 124 177
121 3 178
121 4 74
121 5 87
121 6 125
121 8 191
121 9 85
121 10 115
121 14 43
121 15 74
121 20 124
121 22 163
121 23 75
121 24 172
121 25 128
121 26 8
121 27 119
121 30 176
121 31 90
121 32 134
121 33 177
121 34 87
121 36 42
121 37 97
121 39 100
121 41 113
121 43 97
121 44 109
121 45 60
121 46 21
121 47 150
121 49 174
121 50 3
121 52 84
121 57 32
121 58 3
121 62 152
121 63 153
121 65 172
121 66 82
121 67 107
121 68 3
121 69 199
121 70 108
121 71 14
121 74 122
121 75 148
121 77 41
121 78 10
121 79 49
121 84 168
121 86 94
121 88 87
121 91 200
121 92 36
121 94 16
121 95 9
121 97 179
121 100 92
121 108 158
121 109 194
121 113 113
121 115 33
121 116 14
121 118 76
121 119 63
121 122 148
121 124 67
122 2 18
122 3 46
122 4 150
122 5 82
122 8 42
122 10 58
122 12 57
122 14 179
122 15 10
122 16 148
122 18 4
122 19 157
122 21 74
122 22 197
122 23 58
122 24 11
122 29 31
122 30 188
122 32 156
122 33 62
122 34 100
122 35 132
122 38 23
122 39 65
122 43 42
122 45 102
122 46 97
122 49 63
122 50 71
122 51 139
122 52 113
122 53 42
122 54 37
122 57 86
122 58 169
122 59 97
122 65 53
122 68 75
122 71 146
122 73 161
122 75 111
122 76 92
122 77 116
122 80 193
122 82 48
122 83 110
122 84 76
122 85 19
122 87 138
122 89 77
122 91 94
122 94 135
122 95 36
122 96 42
122 97 102
122 99 36
122 100 36
122 104 153
122 106 25
122 107 31
122 109 68
122 111 144
122 116 170
122 121 148
122 123 45
122 124 159
123 1 86
123 2 92
123 3 188
123 4 103
123 6 87
123 9 32
123 11 89
123 13 122
123 15 135
123 16 87
123 20 148
123 23 118
123 27 149
123 30 99
123 31 172
123 35 57
123 36 10
123 39 141
123 40 161
123 43 107
123 44 76
123 45 192
123 49 58
123 51 27
123 52 17
123 55 10
123 57 177
123 58 54
123 59 97
123 63 144
123 64 102
123 67 119
123 71 116
123 74 107
123 75 72
123 76 30
123 77 91
123 80 140
123 81 106
123 87 103
123 88 122
123 90 94
123 92 160
123 93 114
123 94 21
123 95 5
123 96 26
123 98 144
123 99 183
123 100 126
123 101 149
123 108 134
123 109 187
123 110 17
123 111 169
123 112 133
123 116 30
123 120 124
123 122 45
1 t 84
2 t 90
5 t 165
7 t 10
8 t 47
13 t 133
14 t 192
16 t 145
17 t 141
21 t 96
22 t 56
23 t 147
24 t 7
28 t 20
29 t 80
30 t 178
32 t 30
34 t 69
35 t 95
36 t 173
38 t 154
39 t 153
40 t 166
44 t 131
51 t 187
52 t 14
53 t 104
54 t 136
58 t 177
59 t 2
60 t 138
61 t 114
62 t 8
63 t 42
65 t 132
69 t 100
70 t 162
73 t 48
76 t 187
77 t 27
78 t 152
80 t 122
81 t 104
82 t 67
83 t 99
84 t 173
86 t 8
87 t 114
89 t 122
90 t 128
91 t 13
93 t 107
95 t 48
97 t 197
98 t 93
101 t 107
104 t 156
114 t 108
116 t 62
119 t 193
120 t 177
121 t 67
122 t 159
