s 1 5
s 8 94
s 9 122
s 13 128
s 14 153
s 15 117
s 18 74
s 19 153
s 20 157
s 21 38
s 22 122
s 33 101
s 37 4
s 40 121
s 44 66
s 45 64
s 46 165
s 47 183
s 49 136
s 51 73
s 53 33
s 54 63
s 56 49
s 57 50
s 58 101
s 60 194
s 61 50
s 63 15
s 65 171
s 67 65
s 68 122
s 69 200
s 70 8
s 72 46
s 73 132
s 74 6
1 2 71
1 5 126
1 6 124
1 7 52
1 10 127
1 12 106
1 14 192
1 16 4
1 17 195
1 18 7
1 20 26
1 21 150
1 22 12
1 23 109
1 24 17
1 26 17
1 27 122
1 28 91
1 29 35
1 31 199
1 35 175
1 38 95
1 39 174
1 44 109
1 45 53
1 50 115
1 51 189
1 52 200
1 55 59
1 56 124
1 57 141
1 59 131
1 62 178
1 63 136
1 64 133
1 65 16
1 66 50
1 67 177
1 70 21
1 72 83
2 1 71
2 3 192
2 4 133
2 7 71
2 8 12
2 9 133
2 10 112
2 11 121
2 12 24
2 13 130
2 15 20
2 17 168
2 21 30
2 23 158
2 24 136
2 25 72
2 27 200
2 30 17
2 33 23
2 35 148
2 37 80
2 38 34
2 40 42
2 41 1
2 42 51
2 43 116
2 46 8
2 50 114
2 51 99
2 53 46
2 55 116
2 56 61
2 58 181
2 59 128
2 60 131
2 61 52
2 63 100
2 66 112
2 69 16
2 71 197
2 73 190
3 2 192
3 6 30
3 7 192
3 12 84
3 13 98
3 14 70
3 15 135
3 16 95
3 17 25
3 18 28
3 21 73
3 28 182
3 29 69
3 31 6
3 32 39
3 33 54
3 35 108
3 36 199
3 39 169
3 44 116
3 49 46
3 50 183
3 52 179
3 53 79
3 56 5
3 58 6
3 59 36
3 62 126
3 63 65
3 67 178
3 69 26
3 70 52
3 71 54
3 72 77
4 2 133
4 7 98
4 8 19
4 10 178
4 11 17
4 12 103
4 13 116
4 15 2
4 17 53
4 19 100
4 22 135
4 23 49
4 25 136
4 26 40
4 30 6
4 31 130
4 34 108
4 40 32
4 42 27
4 43 190
4 44 30
4 45 151
4 46 26
4 50 12
4 53 164
4 55 6
4 57 14
4 58 159
4 59 146
4 62 56
4 63 141
4 69 119
4 70 69
4 71 120
4 72 93
5 1 126
5 6 65
5 7 185
5 17 129
5 18 91
5 19 48
5 20 48
5 21 35
5 22 12
5 26 198
5 27 152
5 28 146
5 29 169
5 30 22
5 31 186
5 32 171
5 33 150
5 34 186
5 38 182
5 39 188
5 42 21
5 44 147
5 46 157
5 48 153
5 52 106
5 53 139
5 57 173
5 61 78
5 62 98
5 63 163
5 67 44
5 68 37
5 69 72
5 70 128
5 71 106
5 73 85
5 74 89
6 1 124
6 3 30
6 5 65
6 8 164
6 9 62
6 10 72
6 12 71
6 14 115
6 15 200
6 17 65
6 20 156
6 21 25
6 22 84
6 23 112
6 24 42
6 25 75
6 26 138
6 27 27
6 28 76
6 29 55
6 33 106
6 35 17
6 36 66
6 37 37
6 39 12
6 42 26
6 43 39
6 44 131
6 46 189
6 47 130
6 48 53
6 51 186
6 53 31
6 56 15
6 57 100
6 60 73
6 68 146
6 70 143
6 71 24
6 72 60
6 74 7
7 1 52
7 2 71
7 3 192
7 4 98
7 5 185
7 9 31
7 10 38
7 11 176
7 12 69
7 15 64
7 16 43
7 17 55
7 18 84
7 20 2
7 21 157
7 23 193
7 24 152
7 25 138
7 28 6
7 30 185
7 32 92
7 34 17
7 36 145
7 38 21
7 39 91
7 42 12
7 43 73
7 44 61
7 45 182
7 47 117
7 49 142
7 50 100
7 51 193
7 53 127
7 54 48
7 55 24
7 57 98
7 61 154
7 63 38
7 66 84
7 67 6
7 69 46
7 70 160
7 71 26
8 2 12
8 4 19
8 6 164
8 9 147
8 12 97
8 13 98
8 15 20
8 16 28
8 20 67
8 21 156
8 22 103
8 24 82
8 25 5
8 27 92
8 28 34
8 29 122
8 30 16
8 34 183
8 35 173
8 36 85
8 37 168
8 38 90
8 39 44
8 40 7
8 41 91
8 42 110
8 45 114
8 48 30
8 49 42
8 51 26
8 54 61
8 55 71
8 57 191
8 58 129
8 62 185
8 69 57
8 71 189
8 72 139
9 2 133
9 6 62
9 7 31
9 8 147
9 11 117
9 15 192
9 16 103
9 19 40
9 21 106
9 29 98
9 31 116
9 36 72
9 37 157
9 38 115
9 40 82
9 43 177
9 44 183
9 45 117
9 47 84
9 49 174
9 50 40
9 52 101
9 55 24
9 56 33
9 57 37
9 58 66
9 60 130
9 62 45
9 64 114
9 65 152
9 66 42
9 67 44
9 70 2
9 71 165
9 73 114
10 1 127
10 2 112
10 4 178
10 6 72
10 7 38
10 11 171
10 12 20
10 13 14
10 14 30
10 16 139
10 17 102
10 18 134
10 19 43
10 22 8
10 24 49
10 28 102
10 29 147
10 31 68
10 33 151
10 34 59
10 36 172
10 40 71
10 45 135
10 47 30
10 50 200
10 52 61
10 56 48
10 57 46
10 59 142
10 60 8
10 63 26
10 64 127
10 65 109
10 69 162
10 72 22
10 74 192
11 2 121
11 4 17
11 7 176
11 9 117
11 10 171
11 12 83
11 17 161
11 20 173
11 21 2
11 22 192
11 23 16
11 24 119
11 25 155
11 26 102
11 30 179
11 33 107
11 34 32
11 35 182
11 37 92
11 38 187
11 44 88
11 45 176
11 48 108
11 50 34
11 51 3
11 52 85
11 53 136
11 56 20
11 57 149
11 59 188
11 60 122
11 61 197
11 63 16
11 65 157
11 67 88
11 70 136
11 72 107
11 73 63
12 1 106
12 2 24
12 3 84
12 4 103
12 6 71
12 7 69
12 8 97
12 10 20
12 11 83
12 15 84
12 17 43
12 18 172
12 21 36
12 23 11
12 29 19
12 33 189
12 34 120
12 35 102
12 37 188
12 38 56
12 39 191
12 40 6
12 41 61
12 43 130
12 45 40
12 49 156
12 50 150
12 51 1
12 56 16
12 57 89
12 59 120
12 62 105
12 64 59
12 69 87
13 2 130
13 3 98
13 4 116
13 8 98
13 10 14
13 15 125
13 18 92
13 19 96
13 25 34
13 28 111
13 29 123
13 33 127
13 34 61
13 39 110
13 41 6
13 42 38
13 44 95
13 46 144
13 55 27
13 56 193
13 57 112
13 62 152
13 65 186
13 67 45
13 68 21
13 69 116
13 72 129
14 1 192
14 3 70
14 6 115
14 10 30
14 15 174
14 17 185
14 18 19
14 20 169
14 23 127
14 24 139
14 25 152
14 33 61
14 34 76
14 35 175
14 36 150
14 38 154
14 40 131
14 41 109
14 44 56
14 45 123
14 48 61
14 49 200
14 51 180
14 53 16
14 54 3
14 56 100
14 57 167
14 59 13
14 60 155
14 63 20
14 64 142
14 66 190
14 67 85
14 69 180
14 71 198
14 72 93
14 73 67
15 2 20
15 3 135
15 4 2
15 6 200
15 7 64
15 8 20
15 9 192
15 12 84
15 13 125
15 14 174
15 16 132
15 18 143
15 22 12
15 24 132
15 25 164
15 26 31
15 28 157
15 31 16
15 34 191
15 35 125
15 36 122
15 37 57
15 41 154
15 43 157
15 44 117
15 46 130
15 47 56
15 48 105
15 50 37
15 51 183
15 53 1
15 57 183
15 62 126
15 63 76
15 64 121
15 66 36
15 69 75
15 72 56
15 73 8
15 74 49
16 1 4
16 3 95
16 7 43
16 8 28
16 9 103
16 10 139
16 15 132
16 18 151
16 19 117
16 20 77
16 22 143
16 25 92
16 29 85
16 30 70
16 31 29
16 33 17
16 34 26
16 35 173
16 36 149
16 40 119
16 41 133
16 42 51
16 44 122
16 47 92
16 49 65
16 50 105
16 51 67
16 53 130
16 55 6
16 57 80
16 64 189
16 65 120
16 68 200
16 70 125
16 71 177
17 1 195
17 2 168
17 3 25
17 4 53
17 5 129
17 6 65
17 7 55
17 10 102
17 11 161
17 12 43
17 14 185
17 18 61
17 20 155
17 23 112
17 24 178
17 25 190
17 26 173
17 27 132
17 29 10
17 30 198
17 41 87
17 42 151
17 43 18
17 44 126
17 45 145
17 46 60
17 47 174
17 50 125
17 51 76
17 53 175
17 55 131
17 58 88
17 59 127
17 62 137
17 64 86
17 65 192
17 66 165
17 67 154
17 69 176
17 71 146
17 72 194
17 73 62
18 1 7
18 3 28
18 5 91
18 7 84
18 10 134
18 12 172
18 13 92
18 14 19
18 15 143
18 16 151
18 17 61
18 20 27
18 21 114
18 22 99
18 23 200
18 24 50
18 25 82
18 29 157
18 31 194
18 33 37
18 34 175
18 39 174
18 40 183
18 41 119
18 42 151
18 43 191
18 48 133
18 49 58
18 54 20
18 55 122
18 58 69
18 61 150
18 62 69
18 63 25
18 65 118
18 67 80
18 70 110
18 72 191
18 73 142
19 4 100
19 5 48
19 9 40
19 10 43
19 13 96
19 16 117
19 20 126
19 22 116
19 23 169
19 25 156
19 26 121
19 32 135
19 33 182
19 36 8
19 41 111
19 42 3
19 44 174
19 45 52
19 46 189
19 49 177
19 51 46
19 54 110
19 56 198
19 57 43
19 58 69
19 59 164
19 61 177
19 63 14
19 65 186
19 66 47
19 68 130
20 1 26
20 5 48
20 6 156
20 7 2
20 8 67
20 11 173
20 14 169
20 16 77
20 17 155
20 18 27
20 19 126
20 21 76
20 22 157
20 23 55
20 24 20
20 29 188
20 30 18
20 31 154
20 36 131
20 40 49
20 42 53
20 45 190
20 47 40
20 53 36
20 55 175
20 56 68
20 57 67
20 59 112
20 61 34
20 63 70
20 65 14
20 66 57
20 67 136
20 68 175
20 69 72
20 70 177
20 74 29
21 1 150
21 2 30
21 3 73
21 5 35
21 6 25
21 7 157
21 8 156
21 9 106
21 11 2
21 12 36
21 18 114
21 20 76
21 22 145
21 25 173
21 26 76
21 27 164
21 28 143
21 31 64
21 32 139
21 34 39
21 35 64
21 36 153
21 37 5
21 39 173
21 42 183
21 43 11
21 49 124
21 51 74
21 53 168
21 55 21
21 56 195
21 57 110
21 58 128
21 60 74
21 61 170
21 62 123
21 63 124
21 68 143
21 70 34
21 71 20
21 72 195
21 73 107
21 74 50
22 1 12
22 4 135
22 5 12
22 6 84
22 8 103
22 10 8
22 11 192
22 15 12
22 16 143
22 18 99
22 19 116
22 20 157
22 21 145
22 23 114
22 24 121
22 25 86
22 27 32
22 28 109
22 30 124
22 31 47
22 33 107
22 34 186
22 36 68
22 37 128
22 40 107
22 43 112
22 44 155
22 49 132
22 52 13
22 55 38
22 56 151
22 58 23
22 61 172
22 63 116
22 64 144
22 66 155
22 70 21
23 1 109
23 2 158
23 4 49
23 6 112
23 7 193
23 11 16
23 12 11
23 14 127
23 17 112
23 18 200
23 19 169
23 20 55
23 22 114
23 24 79
23 25 163
23 27 26
23 29 29
23 30 146
23 31 152
23 34 79
23 35 107
23 37 130
23 38 173
23 39 169
23 46 120
23 47 152
23 53 5
23 57 131
23 59 108
23 62 169
23 66 150
23 67 74
23 68 134
23 69 92
23 70 54
23 71 39
23 73 53
23 74 175
24 1 17
24 2 136
24 6 42
24 7 152
24 8 82
24 10 49
24 11 119
24 14 139
24 15 132
24 17 178
24 18 50
24 20 20
24 22 121
24 23 79
24 27 136
24 29 142
24 30 139
24 31 42
24 32 156
24 33 56
24 34 82
24 35 14
24 37 46
24 38 186
24 41 114
24 42 144
24 43 95
24 44 182
24 46 194
24 47 130
24 48 51
24 50 18
24 54 175
24 55 143
24 56 78
24 62 101
24 63 183
24 68 16
24 70 77
24 73 8
25 2 72
25 4 136
25 6 75
25 7 138
25 8 5
25 11 155
25 13 34
25 14 152
25 15 164
25 16 92
25 17 190
25 18 82
25 19 156
25 21 173
25 22 86
25 23 163
25 26 49
25 27 164
25 28 50
25 29 157
25 30 137
25 32 192
25 35 41
25 38 187
25 39 31
25 40 199
25 43 191
25 48 169
25 53 139
25 55 55
25 56 83
25 57 27
25 60 46
25 62 144
25 63 79
25 64 136
25 66 169
25 67 106
25 70 118
25 71 167
25 72 152
25 73 155
25 74 170
26 1 17
26 4 40
26 5 198
26 6 138
26 11 102
26 15 31
26 17 173
26 19 121
26 21 76
26 25 49
26 27 100
26 31 2
26 34 93
26 36 168
26 37 98
26 38 133
26 39 60
26 40 167
26 41 121
26 42 95
26 46 173
26 49 182
26 54 74
26 56 195
26 58 191
26 59 116
26 60 120
26 61 134
26 62 83
26 64 159
26 67 117
26 68 119
26 69 68
26 70 146
26 74 145
27 1 122
27 2 200
27 5 152
27 6 27
27 8 92
27 17 132
27 21 164
27 22 32
27 23 26
27 24 136
27 25 164
27 26 100
27 28 161
27 33 122
27 34 79
27 35 54
27 37 116
27 40 141
27 41 180
27 42 160
27 43 149
27 45 79
27 46 163
27 48 29
27 52 184
27 55 23
27 56 138
27 59 39
27 60 54
27 65 182
27 68 36
27 70 46
27 72 178
27 73 160
27 74 127
28 1 91
28 3 182
28 5 146
28 6 76
28 7 6
28 8 34
28 10 102
28 13 111
28 15 157
28 21 143
28 22 109
28 25 50
28 27 161
28 29 71
28 37 42
28 38 39
28 40 172
28 42 194
28 44 110
28 48 142
28 51 10
28 52 85
28 54 7
28 55 87
28 56 87
28 60 159
28 62 104
28 64 19
28 65 115
28 66 25
28 68 2
28 71 152
28 73 2
29 1 35
29 3 69
29 5 169
29 6 55
29 8 122
29 9 98
29 10 147
29 12 19
29 13 123
29 16 85
29 17 10
29 18 157
29 20 188
29 23 29
29 24 142
29 25 157
29 28 71
29 32 65
29 33 139
29 34 41
29 37 136
29 45 6
29 48 113
29 53 43
29 54 180
29 55 79
29 56 6
29 58 134
29 60 64
29 63 164
29 64 71
29 69 181
29 72 36
30 2 17
30 4 6
30 5 22
30 7 185
30 8 16
30 11 179
30 16 70
30 17 198
30 20 18
30 22 124
30 23 146
30 24 139
30 25 137
30 31 75
30 33 53
30 34 114
30 35 80
30 36 9
30 38 58
30 42 196
30 43 96
30 47 156
30 49 2
30 52 79
30 56 191
30 57 21
30 62 130
30 64 50
30 68 126
30 71 33
30 73 27
31 1 199
31 3 6
31 4 130
31 5 186
31 9 116
31 10 68
31 15 16
31 16 29
31 18 194
31 20 154
31 21 64
31 22 47
31 23 152
31 24 42
31 26 2
31 30 75
31 33 136
31 35 198
31 36 129
31 37 7
31 40 13
31 41 85
31 42 87
31 43 166
31 46 58
31 48 17
31 49 181
31 50 117
31 53 45
31 54 135
31 56 81
31 59 14
31 62 137
31 64 18
31 68 149
31 71 152
31 72 93
31 73 30
32 3 39
32 5 171
32 7 92
32 19 135
32 21 139
32 24 156
32 25 192
32 29 65
32 35 71
32 36 178
32 38 11
32 42 176
32 45 194
32 46 185
32 49 135
32 50 73
32 51 85
32 56 155
32 62 118
32 69 141
32 70 111
32 72 123
33 2 23
33 3 54
33 5 150
33 6 106
33 10 151
33 11 107
33 12 189
33 13 127
33 14 61
33 16 17
33 18 37
33 19 182
33 22 107
33 24 56
33 27 122
33 29 139
33 30 53
33 31 136
33 34 6
33 35 85
33 39 44
33 40 61
33 42 128
33 43 69
33 44 69
33 46 52
33 47 130
33 48 93
33 49 62
33 51 163
33 54 105
33 57 68
33 64 118
33 65 169
33 66 84
33 67 51
33 70 143
33 71 44
34 4 108
34 5 186
34 7 17
34 8 183
34 10 59
34 11 32
34 12 120
34 13 61
34 14 76
34 15 191
34 16 26
34 18 175
34 21 39
34 22 186
34 23 79
34 24 82
34 26 93
34 27 79
34 29 41
34 30 114
34 33 6
34 35 187
34 39 157
34 41 98
34 43 27
34 44 159
34 47 112
34 51 84
34 52 28
34 54 115
34 56 86
34 58 41
34 59 112
34 61 135
34 62 79
34 65 137
34 67 57
34 68 42
34 71 162
34 74 115
35 1 175
35 2 148
35 3 108
35 6 17
35 8 173
35 11 182
35 12 102
35 14 175
35 15 125
35 16 173
35 21 64
35 23 107
35 24 14
35 25 41
35 27 54
35 30 80
35 31 198
35 32 71
35 33 85
35 34 187
35 38 33
35 39 126
35 40 88
35 42 136
35 43 3
35 44 52
35 48 29
35 49 83
35 50 82
35 52 103
35 54 48
35 58 49
35 60 51
35 64 186
35 68 76
35 69 19
35 71 56
35 72 61
36 3 199
36 6 66
36 7 145
36 8 85
36 9 72
36 10 172
36 14 150
36 15 122
36 16 149
36 19 8
36 20 131
36 21 153
36 22 68
36 26 168
36 30 9
36 31 129
36 32 178
36 40 73
36 41 56
36 42 141
36 44 185
36 48 188
36 52 128
36 53 126
36 54 29
36 58 195
36 62 124
36 64 153
36 65 22
36 67 197
36 71 172
36 74 128
37 2 80
37 6 37
37 8 168
37 9 157
37 11 92
37 12 188
37 15 57
37 21 5
37 22 128
37 23 130
37 24 46
37 26 98
37 27 116
37 28 42
37 29 136
37 31 7
37 38 192
37 41 192
37 42 58
37 43 37
37 44 75
37 45 107
37 49 179
37 50 120
37 51 11
37 52 92
37 53 25
37 56 60
37 57 88
37 59 48
37 61 56
37 65 119
37 68 156
37 69 90
37 70 128
37 72 151
37 73 49
37 74 42
38 1 95
38 2 34
38 5 182
38 7 21
38 8 90
38 9 115
38 11 187
38 12 56
38 14 154
38 23 173
38 24 186
38 25 187
38 26 133
38 28 39
38 30 58
38 32 11
38 35 33
38 37 192
38 39 1
38 40 134
38 42 143
38 43 131
38 44 96
38 48 29
38 49 103
38 52 15
38 53 62
38 55 91
38 57 198
38 60 66
38 62 189
38 64 7
38 66 52
38 67 8
38 69 165
38 74 55
39 1 174
39 3 169
39 5 188
39 6 12
39 7 91
39 8 44
39 12 191
39 13 110
39 18 174
39 21 173
39 23 169
39 25 31
39 26 60
39 33 44
39 34 157
39 35 126
39 38 1
39 41 137
39 43 139
39 44 77
39 48 65
39 49 135
39 51 42
39 52 5
39 54 18
39 55 149
39 57 139
39 63 112
39 67 51
39 70 144
39 72 112
40 2 42
40 4 32
40 8 7
40 9 82
40 10 71
40 12 6
40 14 131
40 16 119
40 18 183
40 20 49
40 22 107
40 25 199
40 26 167
40 27 141
40 28 172
40 31 13
40 33 61
40 35 88
40 36 73
40 38 134
40 42 133
40 44 189
40 45 12
40 46 160
40 47 39
40 48 45
40 51 29
40 52 47
40 54 46
40 58 123
40 60 158
40 62 86
40 63 138
40 65 157
40 67 138
40 68 67
40 72 100
40 73 147
40 74 28
41 2 1
41 8 91
41 12 61
41 13 6
41 14 109
41 15 154
41 16 133
41 17 87
41 18 119
41 19 111
41 24 114
41 26 121
41 27 180
41 31 85
41 34 98
41 36 56
41 37 192
41 39 137
41 43 5
41 45 58
41 47 94
41 50 99
41 51 10
41 54 104
41 55 194
41 56 7
41 57 87
41 59 41
41 60 96
41 63 163
41 65 40
41 68 118
41 69 153
41 70 57
42 2 51
42 4 27
42 5 21
42 6 26
42 7 12
42 8 110
42 13 38
42 16 51
42 17 151
42 18 151
42 19 3
42 20 53
42 21 183
42 24 144
42 26 95
42 27 160
42 28 194
42 30 196
42 31 87
42 32 176
42 33 128
42 35 136
42 36 141
42 37 58
42 38 143
42 40 133
42 44 56
42 46 6
42 48 135
42 49 64
42 52 107
42 58 153
42 59 135
42 60 60
42 63 27
42 64 137
42 66 25
42 67 133
42 68 10
42 73 88
42 74 83
43 2 116
43 4 190
43 6 39
43 7 73
43 9 177
43 12 130
43 15 157
43 17 18
43 18 191
43 21 11
43 22 112
43 24 95
43 25 191
43 27 149
43 30 96
43 31 166
43 33 69
43 34 27
43 35 3
43 37 37
43 38 131
43 39 139
43 41 5
43 46 34
43 48 199
43 50 12
43 51 164
43 52 104
43 55 81
43 57 1
43 58 51
43 60 140
43 61 152
43 62 33
43 64 82
43 66 122
43 68 67
43 69 10
43 70 117
43 71 56
43 72 31
43 73 104
44 1 109
44 3 116
44 4 30
44 5 147
44 6 131
44 7 61
44 9 183
44 11 88
44 13 95
44 14 56
44 15 117
44 16 122
44 17 126
44 19 174
44 22 155
44 24 182
44 28 110
44 33 69
44 34 159
44 35 52
44 36 185
44 37 75
44 38 96
44 39 77
44 40 189
44 42 56
44 45 18
44 49 127
44 50 47
44 53 15
44 54 67
44 55 26
44 57 123
44 59 57
44 64 176
44 70 4
44 74 6
45 1 53
45 4 151
45 7 182
45 8 114
45 9 117
45 10 135
45 11 176
45 12 40
45 14 123
45 17 145
45 19 52
45 20 190
45 27 79
45 29 6
45 32 194
45 37 107
45 40 12
45 41 58
45 44 18
45 50 10
45 51 25
45 56 16
45 60 23
45 62 194
45 64 156
45 66 23
45 68 42
45 72 131
45 74 155
46 2 8
46 4 26
46 5 157
46 6 189
46 13 144
46 15 130
46 17 60
46 19 189
46 23 120
46 24 194
46 26 173
46 27 163
46 31 58
46 32 185
46 33 52
46 40 160
46 42 6
46 43 34
46 49 164
46 50 183
46 51 8
46 52 192
46 55 146
46 56 88
46 57 186
46 59 10
46 63 185
46 64 160
46 65 110
46 66 120
46 70 10
46 71 171
47 6 130
47 7 117
47 9 84
47 10 30
47 15 56
47 16 92
47 17 174
47 20 40
47 23 152
47 24 130
47 30 156
47 33 130
47 34 112
47 40 39
47 41 94
47 48 40
47 50 26
47 52 85
47 54 111
47 55 96
47 56 119
47 57 184
47 58 60
47 63 195
47 65 94
47 67 128
47 69 113
47 71 136
47 72 27
47 73 89
48 5 153
48 6 53
48 8 30
48 11 108
48 14 61
48 15 105
48 18 133
48 24 51
48 25 169
48 27 29
48 28 142
48 29 113
48 31 17
48 33 93
48 35 29
48 36 188
48 38 29
48 39 65
48 40 45
48 42 135
48 43 199
48 47 40
48 49 61
48 50 167
48 52 52
48 53 105
48 54 167
48 55 85
48 62 33
48 63 62
48 65 148
48 66 116
48 71 131
48 72 199
48 73 90
49 3 46
49 7 142
49 8 42
49 9 174
49 12 156
49 14 200
49 16 65
49 18 58
49 19 177
49 21 124
49 22 132
49 26 182
49 30 2
49 31 181
49 32 135
49 33 62
49 35 83
49 37 179
49 38 103
49 39 135
49 42 64
49 44 127
49 46 164
49 48 61
49 52 173
49 53 185
49 54 133
49 56 197
49 57 133
49 61 132
49 63 85
49 64 84
49 66 82
49 67 160
49 72 17
50 1 115
50 2 114
50 3 183
50 4 12
50 7 100
50 9 40
50 10 200
50 11 34
50 12 150
50 15 37
50 16 105
50 17 125
50 24 18
50 31 117
50 32 73
50 35 82
50 37 120
50 41 99
50 43 12
50 44 47
50 45 10
50 46 183
50 47 26
50 48 167
50 51 91
50 53 123
50 54 23
50 56 111
50 57 57
50 59 66
50 62 44
50 63 17
50 66 88
50 67 151
50 68 51
50 72 86
50 74 115
51 1 189
51 2 99
51 6 186
51 7 193
51 8 26
51 11 3
51 12 1
51 14 180
51 15 183
51 16 67
51 17 76
51 19 46
51 21 74
51 28 10
51 32 85
51 33 163
51 34 84
51 37 11
51 39 42
51 40 29
51 41 10
51 43 164
51 45 25
51 46 8
51 50 91
51 54 175
51 55 114
51 56 76
51 59 11
51 60 21
51 67 14
51 68 122
51 69 8
51 70 67
51 71 11
51 72 68
51 73 103
52 1 200
52 3 179
52 5 106
52 9 101
52 10 61
52 11 85
52 22 13
52 27 184
52 28 85
52 30 79
52 34 28
52 35 103
52 36 128
52 37 92
52 38 15
52 39 5
52 40 47
52 42 107
52 43 104
52 46 192
52 47 85
52 48 52
52 49 173
52 55 154
52 56 65
52 62 9
52 63 156
52 64 131
52 66 141
52 68 1
52 69 165
52 71 141
52 72 95
52 73 146
52 74 68
53 2 46
53 3 79
53 4 164
53 5 139
53 6 31
53 7 127
53 11 136
53 14 16
53 15 1
53 16 130
53 17 175
53 20 36
53 21 168
53 23 5
53 25 139
53 29 43
53 31 45
53 36 126
53 37 25
53 38 62
53 44 15
53 48 105
53 49 185
53 50 123
53 57 184
53 58 125
53 59 120
53 60 70
53 61 109
53 62 26
53 63 115
53 64 199
53 65 199
53 69 1
53 71 11
53 74 189
54 7 48
54 8 61
54 14 3
54 18 20
54 19 110
54 24 175
54 26 74
54 28 7
54 29 180
54 31 135
54 33 105
54 34 115
54 35 48
54 36 29
54 39 18
54 40 46
54 41 104
54 44 67
54 47 111
54 48 167
54 49 133
54 50 23
54 51 175
54 55 138
54 58 83
54 61 180
54 65 140
54 68 72
54 69 128
54 70 152
54 71 170
55 1 59
55 2 116
55 4 6
55 7 24
55 8 71
55 9 24
55 13 27
55 16 6
55 17 131
55 18 122
55 20 175
55 21 21
55 22 38
55 24 143
55 25 55
55 27 23
55 28 87
55 29 79
55 38 91
55 39 149
55 41 194
55 43 81
55 44 26
55 46 146
55 47 96
55 48 85
55 51 114
55 52 154
55 54 138
55 58 153
55 59 70
55 60 192
55 62 55
55 63 154
55 64 114
55 65 6
55 66 51
55 71 63
55 73 100
56 1 124
56 2 61
56 3 5
56 6 15
56 9 33
56 10 48
56 11 20
56 12 16
56 13 193
56 14 100
56 19 198
56 20 68
56 21 195
56 22 151
56 24 78
56 25 83
56 26 195
56 27 138
56 28 87
56 29 6
56 30 191
56 31 81
56 32 155
56 34 86
56 37 60
56 41 7
56 45 16
56 46 88
56 47 119
56 49 197
56 50 111
56 51 76
56 52 65
56 57 64
56 58 124
56 60 104
56 61 145
56 62 65
56 63 85
56 65 172
56 67 63
56 68 154
56 69 87
56 70 51
56 72 195
56 73 91
57 1 141
57 4 14
57 5 173
57 6 100
57 7 98
57 8 191
57 9 37
57 10 46
57 11 149
57 12 89
57 13 112
57 14 167
57 15 183
57 16 80
57 19 43
57 20 67
57 21 110
57 23 131
57 25 27
57 30 21
57 33 68
57 37 88
57 38 198
57 39 139
57 41 87
57 43 1
57 44 123
57 46 186
57 47 184
57 49 133
57 50 57
57 53 184
57 56 64
57 58 186
57 60 96
57 61 199
57 62 3
57 63 153
57 65 90
57 66 102
57 69 156
57 71 128
57 72 33
57 74 145
58 2 181
58 3 6
58 4 159
58 8 129
58 9 66
58 17 88
58 18 69
58 19 69
58 21 128
58 22 23
58 26 191
58 29 134
58 34 41
58 35 49
58 36 195
58 40 123
58 42 153
58 43 51
58 47 60
58 53 125
58 54 83
58 55 153
58 56 124
58 57 186
58 59 135
58 61 155
58 64 38
58 65 111
58 70 73
58 71 183
58 73 31
58 74 156
59 1 131
59 2 128
59 3 36
59 4 146
59 10 142
59 11 188
59 12 120
59 14 13
59 17 127
59 19 164
59 20 112
59 23 108
59 26 116
59 27 39
59 31 14
59 34 112
59 37 48
59 41 41
59 42 135
59 44 57
59 46 10
59 50 66
59 51 11
59 53 120
59 55 70
59 58 135
59 63 167
59 65 127
59 66 187
59 67 131
59 68 63
59 71 108
59 73 198
60 2 131
60 6 73
60 9 130
60 10 8
60 11 122
60 14 155
60 21 74
60 25 46
60 26 120
60 27 54
60 28 159
60 29 64
60 35 51
60 38 66
60 40 158
60 41 96
60 42 60
60 43 140
60 45 23
60 51 21
60 53 70
60 55 192
60 56 104
60 57 96
60 62 67
60 64 138
60 66 77
60 68 113
60 69 54
60 71 93
60 72 170
60 74 90
61 2 52
61 5 78
61 7 154
61 11 197
61 18 150
61 19 177
61 20 34
61 21 170
61 22 172
61 26 134
61 34 135
61 37 56
61 43 152
61 49 132
61 53 109
61 54 180
61 56 145
61 57 199
61 58 155
61 63 56
61 66 99
61 67 165
61 68 102
61 70 94
62 1 178
62 3 126
62 4 56
62 5 98
62 8 185
62 9 45
62 12 105
62 13 152
62 15 126
62 17 137
62 18 69
62 21 123
62 23 169
62 24 101
62 25 144
62 26 83
62 28 104
62 30 130
62 31 137
62 32 118
62 34 79
62 36 124
62 38 189
62 40 86
62 43 33
62 45 194
62 48 33
62 50 44
62 52 9
62 53 26
62 55 55
62 56 65
62 57 3
62 60 67
62 63 2
62 64 30
62 65 112
62 69 17
62 70 70
62 73 197
63 1 136
63 2 100
63 3 65
63 4 141
63 5 163
63 7 38
63 10 26
63 11 16
63 14 20
63 15 76
63 18 25
63 19 14
63 20 70
63 21 124
63 22 116
63 24 183
63 25 79
63 29 164
63 39 112
63 40 138
63 41 163
63 42 27
63 46 185
63 47 195
63 48 62
63 49 85
63 50 17
63 52 156
63 53 115
63 55 154
63 56 85
63 57 153
63 59 167
63 61 56
63 62 2
63 64 104
63 68 143
64 1 133
64 9 114
64 10 127
64 12 59
64 14 142
64 15 121
64 16 189
64 17 86
64 22 144
64 25 136
64 26 159
64 28 19
64 29 71
64 30 50
64 31 18
64 33 118
64 35 186
64 36 153
64 38 7
64 42 137
64 43 82
64 44 176
64 45 156
64 46 160
64 49 84
64 52 131
64 53 199
64 55 114
64 58 38
64 60 138
64 62 30
64 63 104
64 66 55
64 70 67
65 1 16
65 9 152
65 10 109
65 11 157
65 13 186
65 16 120
65 17 192
65 18 118
65 19 186
65 20 14
65 27 182
65 28 115
65 33 169
65 34 137
65 36 22
65 37 119
65 40 157
65 41 40
65 46 110
65 47 94
65 48 148
65 53 199
65 54 140
65 55 6
65 56 172
65 57 90
65 58 111
65 59 127
65 62 112
65 68 20
65 71 148
65 73 22
65 74 68
66 1 50
66 2 112
66 7 84
66 9 42
66 14 190
66 15 36
66 17 165
66 19 47
66 20 57
66 22 155
66 23 150
66 25 169
66 28 25
66 33 84
66 38 52
66 42 25
66 43 122
66 45 23
66 46 120
66 48 116
66 49 82
66 50 88
66 52 141
66 55 51
66 57 102
66 59 187
66 60 77
66 61 99
66 64 55
66 67 196
66 68 11
66 70 4
66 73 9
66 74 90
67 1 177
67 3 178
67 5 44
67 7 6
67 9 44
67 11 88
67 13 45
67 14 85
67 17 154
67 18 80
67 20 136
67 23 74
67 25 106
67 26 117
67 33 51
67 34 57
67 36 197
67 38 8
67 39 51
67 40 138
67 42 133
67 47 128
67 49 160
67 50 151
67 51 14
67 56 63
67 59 131
67 61 165
67 66 196
67 68 94
68 5 37
68 6 146
68 13 21
68 16 200
68 19 130
68 20 175
68 21 143
68 23 134
68 24 16
68 26 119
68 27 36
68 28 2
68 30 126
68 31 149
68 34 42
68 35 76
68 37 156
68 40 67
68 41 118
68 42 10
68 43 67
68 45 42
68 50 51
68 51 122
68 52 1
68 54 72
68 56 154
68 59 63
68 60 113
68 61 102
68 63 143
68 65 20
68 66 11
68 67 94
68 69 6
68 70 4
68 71 174
68 72 186
68 74 100
69 2 16
69 3 26
69 4 119
69 5 72
69 7 46
69 8 57
69 10 162
69 12 87
69 13 116
69 14 180
69 15 75
69 17 176
69 20 72
69 23 92
69 26 68
69 29 181
69 32 141
69 35 19
69 37 90
69 38 165
69 41 153
69 43 10
69 47 113
69 51 8
69 52 165
69 53 1
69 54 128
69 56 87
69 57 156
69 60 54
69 62 17
69 68 6
70 1 21
70 3 52
70 4 69
70 5 128
70 6 143
70 7 160
70 9 2
70 11 136
70 16 125
70 18 110
70 20 177
70 21 34
70 22 21
70 23 54
70 24 77
70 25 118
70 26 146
70 27 46
70 32 111
70 33 143
70 37 128
70 39 144
70 41 57
70 43 117
70 44 4
70 46 10
70 51 67
70 54 152
70 56 51
70 58 73
70 61 94
70 62 70
70 64 67
70 66 4
70 68 4
70 74 14
71 2 197
71 3 54
71 4 120
71 5 106
71 6 24
71 7 26
71 8 189
71 9 165
71 14 198
71 16 177
71 17 146
71 21 20
71 23 39
71 25 167
71 28 152
71 30 33
71 31 152
71 33 44
71 34 162
71 35 56
71 36 172
71 43 56
71 46 171
71 47 136
71 48 131
71 51 11
71 52 141
71 53 11
71 54 170
71 55 63
71 57 128
71 58 183
71 59 108
71 60 93
71 65 148
71 68 174
71 72 11
71 73 131
72 1 83
72 3 77
72 4 93
72 6 60
72 8 139
72 10 22
72 11 107
72 13 129
72 14 93
72 15 56
72 17 194
72 18 191
72 21 195
72 25 152
72 27 178
72 29 36
72 31 93
72 32 123
72 35 61
72 37 151
72 39 112
72 40 100
72 43 31
72 45 131
72 47 27
72 48 199
72 49 17
72 50 86
72 51 68
72 52 95
72 56 195
72 57 33
72 60 170
72 68 186
72 71 11
72 73 154
72 74 23
73 2 190
73 5 85
73 9 114
73 11 63
73 14 67
73 15 8
73 17 62
73 18 142
73 21 107
73 23 53
73 24 8
73 25 155
73 27 160
73 28 2
73 30 27
73 31 30
73 37 49
73 40 147
73 42 88
73 43 104
73 47 89
73 48 90
73 51 103
73 52 146
73 55 100
73 56 91
73 58 31
73 59 198
73 62 197
73 65 22
73 66 9
73 71 131
73 72 154
73 74 136
5 t 89
6 t 7
10 t 192
15 t 49
20 t 29
21 t 50
23 t 175
25 t 170
26 t 145
27 t 127
34 t 115
36 t 128
37 t 42
38 t 55
40 t 28
42 t 83
44 t 6
45 t 155
50 t 115
52 t 68
53 t 189
57 t 145
58 t 156
60 t 90
65 t 68
66 t 90
68 t 100
70 t 14
72 t 23
73 t 136
