s 51 195
s 55 198
s 71 194
s 76 189
s 89 193
s 112 187
s 137 183
s 148 177
s 150 196
s 183 188
s 189 192
s 198 192
1 31 185
1 37 176
1 73 196
1 82 177
1 92 180
1 93 196
1 119 197
1 135 193
1 184 191
1 187 189
2 19 200
2 27 185
2 32 188
2 60 180
2 65 175
2 69 184
2 70 193
2 97 185
2 107 186
2 120 188
2 146 177
2 182 196
3 14 183
3 46 187
3 114 182
3 146 194
3 168 178
3 185 188
4 7 179
4 27 199
4 63 197
4 65 188
4 78 189
4 172 189
4 181 183
5 8 182
5 17 180
5 21 186
5 28 191
5 55 178
5 59 187
5 76 177
5 88 178
5 96 193
5 104 199
5 105 196
5 120 176
5 136 195
5 141 196
5 197 199
6 23 195
6 51 186
6 54 196
6 68 188
6 96 200
6 149 179
6 182 177
7 4 179
7 13 191
7 20 179
7 54 179
7 60 189
7 114 188
7 191 187
8 5 182
8 10 179
8 26 193
8 35 180
8 46 177
8 63 182
8 103 175
8 165 186
8 181 176
9 10 200
9 50 182
9 60 192
9 73 185
9 80 177
9 99 182
9 122 191
9 145 181
9 152 177
9 161 195
9 162 178
9 189 192
10 8 179
10 9 200
10 37 177
10 77 197
10 118 182
10 122 180
10 176 200
11 16 179
11 58 192
11 59 185
11 93 199
11 160 192
11 189 194
12 56 193
12 81 177
12 102 199
12 103 193
12 134 191
12 151 179
12 164 195
12 173 197
12 179 180
12 192 177
12 199 190
13 7 191
13 16 198
13 38 177
13 75 180
13 83 175
13 95 185
13 109 180
13 121 183
13 136 185
13 153 197
13 174 181
14 3 183
14 78 175
14 88 184
14 89 197
14 117 186
14 127 191
14 151 189
14 182 179
14 183 195
15 24 184
15 32 189
15 48 189
15 61 200
15 86 189
15 103 196
15 141 190
15 150 190
15 159 184
15 175 192
16 11 179
16 13 198
16 17 195
16 64 199
16 66 200
16 70 186
16 72 179
16 82 188
16 89 184
16 92 178
16 99 194
16 101 179
16 120 178
16 121 177
16 140 199
16 141 193
16 142 183
16 144 179
16 168 178
16 175 184
16 183 194
16 197 193
17 5 180
17 16 195
17 27 179
17 61 188
17 63 176
17 75 184
17 89 196
17 94 185
17 141 175
17 172 187
17 194 196
17 195 190
18 21 192
18 33 191
18 67 183
18 93 177
18 95 198
18 97 188
18 115 194
18 177 176
19 2 200
19 21 197
19 27 183
19 70 178
19 87 199
19 90 187
19 98 190
19 124 192
19 170 177
19 175 196
19 178 186
19 189 190
20 7 179
20 25 191
20 64 185
20 69 189
20 96 176
20 97 189
20 105 195
20 131 191
20 181 194
20 190 187
21 5 186
21 18 192
21 19 197
21 67 185
21 68 178
21 70 187
21 93 187
21 94 190
21 139 178
22 38 195
22 52 185
22 54 192
22 61 197
22 110 197
22 123 188
23 6 195
23 26 185
23 52 191
23 72 192
23 73 196
23 82 180
23 95 189
23 96 200
23 151 191
23 155 189
23 181 180
23 189 187
24 15 184
24 49 186
24 92 185
24 121 188
24 161 185
24 172 193
24 181 178
24 190 198
24 198 197
25 20 191
25 60 193
25 97 185
25 105 192
25 112 196
25 116 197
25 117 178
25 132 196
25 171 179
25 176 176
25 183 179
25 190 176
26 8 193
26 23 185
26 52 191
26 74 178
26 107 175
26 148 186
26 167 178
27 2 185
27 4 199
27 17 179
27 19 183
27 53 190
27 56 199
27 58 187
27 63 182
27 101 180
27 116 193
27 120 189
27 134 192
27 135 188
27 141 196
27 152 193
27 195 185
28 5 191
28 73 180
28 89 191
28 95 187
28 130 189
29 30 178
29 58 186
29 61 178
29 112 176
29 150 178
29 151 185
29 156 179
29 168 183
29 181 199
29 183 185
30 29 178
30 34 175
30 60 197
30 88 189
30 93 196
30 111 192
30 113 191
30 140 175
30 186 181
30 187 194
31 1 185
31 47 189
31 53 178
31 65 184
31 70 185
31 141 193
31 176 200
31 190 181
32 2 188
32 15 189
32 56 192
32 59 177
32 93 195
32 105 181
32 116 195
32 134 193
32 141 183
32 174 190
32 176 187
32 181 180
32 194 184
33 18 191
33 46 200
33 47 197
33 73 177
33 81 193
33 85 188
33 105 193
33 154 195
33 161 190
33 173 186
33 189 193
33 190 190
33 195 189
34 30 175
34 44 188
34 59 175
34 107 191
34 112 181
34 132 185
34 159 198
34 168 186
35 8 180
35 41 197
35 109 194
35 124 191
35 128 180
36 74 179
36 111 175
36 135 199
36 170 176
37 1 176
37 10 177
37 147 182
37 149 181
38 13 177
38 22 195
38 46 175
38 49 183
38 62 184
38 104 193
38 150 193
38 151 191
38 184 183
38 186 180
38 189 184
39 62 180
39 64 184
39 71 194
39 107 191
39 124 199
39 184 175
39 194 193
40 49 177
40 86 191
40 159 186
40 160 176
40 163 180
40 174 179
41 35 197
41 47 195
41 66 200
41 67 195
41 69 188
41 72 179
41 75 181
41 78 185
41 81 199
41 91 190
41 100 194
41 130 186
41 155 178
41 160 181
41 165 180
41 174 187
42 52 200
42 53 188
42 57 198
42 78 189
42 80 195
42 103 187
42 108 195
42 123 186
42 148 180
42 163 185
42 174 181
42 188 190
42 196 188
43 47 185
43 64 187
43 77 185
43 88 193
43 135 182
43 165 190
43 188 180
43 189 190
44 34 188
44 45 175
44 53 198
44 59 178
44 61 180
44 155 195
45 44 175
45 64 184
45 73 181
45 107 181
45 118 199
45 127 200
45 144 200
45 146 194
45 155 191
45 173 188
45 174 196
45 193 184
46 3 187
46 8 177
46 33 200
46 38 175
46 54 187
46 100 180
46 184 198
47 31 189
47 33 197
47 41 195
47 43 185
47 85 175
47 122 192
47 125 194
47 127 198
47 136 179
47 156 183
47 162 195
47 187 176
48 15 189
48 65 189
48 74 176
48 78 187
48 112 193
48 129 186
48 138 188
48 147 181
48 181 180
48 182 191
48 189 181
49 24 186
49 38 183
49 40 177
49 137 196
49 145 176
49 152 175
49 158 186
49 167 198
50 9 182
50 85 175
50 92 184
50 143 200
51 6 186
51 58 179
51 77 191
51 82 186
51 89 181
51 93 186
51 95 197
51 139 179
51 144 199
51 150 198
51 152 198
51 154 178
51 170 181
51 192 187
52 22 185
52 23 191
52 26 191
52 42 200
52 94 181
52 106 181
52 132 177
52 137 186
52 139 194
52 178 185
52 182 180
52 189 180
53 27 190
53 31 178
53 42 188
53 44 198
53 54 188
53 61 197
53 93 179
53 102 186
53 103 193
53 122 185
53 126 177
53 131 182
53 170 177
53 173 187
53 179 179
53 196 175
54 6 196
54 7 179
54 22 192
54 46 187
54 53 188
54 63 181
54 67 175
54 88 175
54 98 193
54 99 178
54 112 177
54 117 195
54 189 200
54 196 184
54 197 198
55 5 178
55 68 197
55 86 190
55 89 193
55 97 189
55 105 190
55 123 196
55 159 182
55 186 189
55 194 191
55 198 178
56 12 193
56 27 199
56 32 192
56 96 185
56 100 186
56 131 180
57 42 198
57 108 182
57 120 200
57 146 193
57 149 176
57 184 195
58 11 192
58 27 187
58 29 186
58 51 179
58 59 199
58 65 199
58 94 182
58 96 176
58 100 187
58 104 180
58 107 190
58 135 188
58 189 185
59 5 187
59 11 185
59 32 177
59 34 175
59 44 178
59 58 199
59 67 177
59 101 189
59 103 185
59 116 184
59 119 182
59 141 200
59 189 181
60 2 180
60 7 189
60 9 192
60 25 193
60 30 197
60 68 188
60 110 175
60 116 190
60 126 175
60 152 199
60 155 198
60 165 186
60 185 192
61 15 200
61 17 188
61 22 197
61 29 178
61 44 180
61 53 197
61 80 191
61 112 176
61 126 192
61 164 175
61 187 192
62 38 184
62 39 180
62 96 194
62 100 191
62 142 198
62 151 177
62 168 178
62 169 184
63 4 197
63 8 182
63 17 176
63 27 182
63 54 181
63 90 185
63 92 193
63 125 189
64 16 199
64 20 185
64 39 184
64 43 187
64 45 184
64 68 197
64 77 188
64 87 200
64 121 183
64 122 185
64 159 187
64 168 191
64 171 175
64 184 177
64 192 185
65 2 175
65 4 188
65 31 184
65 48 189
65 58 199
65 68 177
65 84 190
65 105 176
65 116 192
65 118 190
65 151 177
65 163 183
65 186 180
65 198 189
66 16 200
66 41 200
66 81 182
66 102 198
66 118 200
66 133 189
66 166 194
66 174 181
67 18 183
67 21 185
67 41 195
67 54 175
67 59 177
67 70 192
67 74 181
67 75 193
67 91 199
67 170 184
67 194 177
68 6 188
68 21 178
68 55 197
68 60 188
68 64 197
68 65 177
68 89 198
68 110 184
68 138 182
68 143 183
68 147 184
68 179 181
69 2 184
69 20 189
69 41 188
69 103 200
69 124 182
69 139 180
69 161 199
69 165 185
69 170 177
69 178 180
69 180 180
69 184 193
70 2 193
70 16 186
70 19 178
70 21 187
70 31 185
70 67 192
70 77 196
70 92 191
70 108 197
70 110 186
70 112 184
70 122 182
70 143 188
70 154 182
70 173 200
71 39 194
71 111 191
71 129 189
71 136 183
71 147 184
71 184 197
71 193 175
72 16 179
72 23 192
72 41 179
72 91 187
72 142 179
72 144 184
72 145 176
73 1 196
73 9 185
73 23 196
73 28 180
73 33 177
73 45 181
73 81 179
73 105 193
73 116 196
73 126 199
73 132 176
73 146 190
73 167 179
73 178 189
73 192 196
73 196 184
74 26 178
74 36 179
74 48 176
74 67 181
74 78 184
74 79 184
74 84 177
74 92 196
74 129 187
74 133 177
74 153 185
74 173 181
74 177 186
74 180 180
75 13 180
75 17 184
75 41 181
75 67 193
75 81 192
75 104 200
75 113 200
75 124 181
75 135 177
75 140 189
75 142 198
75 153 194
75 172 187
75 174 190
76 5 177
76 86 177
76 96 182
76 109 194
76 115 175
76 116 191
76 124 183
76 150 175
76 176 187
76 178 188
76 199 197
77 10 197
77 43 185
77 51 191
77 64 188
77 70 196
77 78 179
77 83 195
77 91 181
77 121 186
77 164 180
78 4 189
78 14 175
78 41 185
78 42 189
78 48 187
78 74 184
78 77 179
78 85 176
78 135 192
79 74 184
79 82 183
79 93 184
79 155 196
79 171 181
80 9 177
80 42 195
80 61 191
80 101 185
80 128 178
80 140 188
80 142 181
80 156 181
80 164 178
80 183 182
81 12 177
81 33 193
81 41 199
81 66 182
81 73 179
81 75 192
81 85 186
81 117 181
81 150 198
82 1 177
82 16 188
82 23 180
82 51 186
82 79 183
82 107 196
82 128 187
82 129 182
82 132 189
82 140 199
82 188 188
82 195 178
83 13 175
83 77 195
83 101 175
83 155 179
83 156 179
83 170 198
84 65 190
84 74 177
84 100 191
84 146 197
85 33 188
85 47 175
85 50 175
85 78 176
85 81 186
85 106 183
85 112 178
85 118 186
85 134 176
85 146 191
85 151 192
85 164 180
85 168 181
85 191 187
85 194 193
86 15 189
86 40 191
86 55 190
86 76 177
86 133 178
86 139 188
86 163 184
86 191 196
87 19 199
87 64 200
87 90 193
87 174 196
88 5 178
88 14 184
88 30 189
88 43 193
88 54 175
88 112 191
88 116 176
88 123 195
89 14 197
89 16 184
89 17 196
89 28 191
89 51 181
89 55 193
89 68 198
89 99 181
89 106 193
89 134 178
89 140 192
89 142 179
89 177 197
89 189 178
89 199 200
90 19 187
90 63 185
90 87 193
90 130 187
90 140 196
91 41 190
91 67 199
91 72 187
91 77 181
91 97 175
91 108 190
92 1 180
92 16 178
92 24 185
92 50 184
92 63 193
92 70 191
92 74 196
92 150 185
92 162 198
92 178 200
92 190 190
92 195 196
92 197 194
93 1 196
93 11 199
93 18 177
93 21 187
93 30 196
93 32 195
93 51 186
93 53 179
93 79 184
93 95 191
93 189 192
94 17 185
94 21 190
94 52 181
94 58 182
94 107 182
94 168 196
95 13 185
95 18 198
95 23 189
95 28 187
95 51 197
95 93 191
95 99 190
95 103 200
95 147 184
95 198 188
96 5 193
96 6 200
96 20 176
96 23 200
96 56 185
96 58 176
96 62 194
96 76 182
96 112 198
96 130 195
96 147 193
96 157 186
96 180 183
96 185 191
96 196 175
97 2 185
97 18 188
97 20 189
97 25 185
97 55 189
97 91 175
97 107 187
97 112 182
97 147 176
97 162 177
97 182 197
97 189 193
98 19 190
98 54 193
98 100 195
98 134 195
98 152 194
98 155 197
98 164 189
98 178 192
99 9 182
99 16 194
99 54 178
99 89 181
99 95 190
99 102 181
100 41 194
100 46 180
100 56 186
100 58 187
100 62 191
100 84 191
100 98 195
100 105 187
100 112 177
100 121 185
100 138 196
100 151 197
100 184 183
100 193 182
100 194 199
101 16 179
101 27 180
101 59 189
101 80 185
101 83 175
101 121 190
101 150 196
102 12 199
102 53 186
102 66 198
102 99 181
102 128 180
102 138 179
102 173 184
102 179 192
102 185 191
103 8 175
103 12 193
103 15 196
103 42 187
103 53 193
103 59 185
103 69 200
103 95 200
103 104 181
103 106 197
103 112 177
103 149 187
103 154 191
103 158 200
103 169 183
103 172 184
103 193 178
104 5 199
104 38 193
104 58 180
104 75 200
104 103 181
104 119 182
104 121 189
104 125 176
104 131 178
104 132 184
104 151 199
104 171 180
104 192 179
105 5 196
105 20 195
105 25 192
105 32 181
105 33 193
105 55 190
105 65 176
105 73 193
105 100 187
105 133 178
105 136 190
105 138 178
105 142 200
105 146 175
105 147 193
106 52 181
106 85 183
106 89 193
106 103 197
106 108 189
106 130 188
106 151 195
106 163 175
106 173 191
107 2 186
107 26 175
107 34 191
107 39 191
107 45 181
107 58 190
107 82 196
107 94 182
107 97 187
107 118 179
107 120 190
107 140 183
108 42 195
108 57 182
108 70 197
108 91 190
108 106 189
108 126 181
108 183 177
109 13 180
109 35 194
109 76 194
109 111 189
109 126 188
109 158 175
110 22 197
110 60 175
110 68 184
110 70 186
110 115 188
110 147 197
110 148 179
110 165 189
110 178 176
110 195 195
111 30 192
111 36 175
111 71 191
111 109 189
111 112 182
111 127 187
111 152 199
111 170 191
111 195 176
112 25 196
112 29 176
112 34 181
112 48 193
112 54 177
112 61 176
112 70 184
112 85 178
112 88 191
112 96 198
112 97 182
112 100 177
112 103 177
112 111 182
112 137 183
112 161 196
113 30 191
113 75 200
113 117 175
113 129 179
113 166 178
113 182 184
114 3 182
114 7 188
114 126 192
114 151 189
114 170 199
114 190 187
114 191 193
115 18 194
115 76 175
115 110 188
115 119 197
115 158 199
115 161 194
115 177 178
115 198 196
116 25 197
116 27 193
116 32 195
116 59 184
116 60 190
116 65 192
116 73 196
116 76 191
116 88 176
116 119 177
116 120 188
117 14 186
117 25 178
117 54 195
117 81 181
117 113 175
117 126 199
117 136 176
117 141 200
117 150 184
118 10 182
118 45 199
118 65 190
118 66 200
118 85 186
118 107 179
118 120 200
118 151 190
118 174 176
118 186 180
118 188 175
119 1 197
119 59 182
119 104 182
119 115 197
119 116 177
119 122 190
119 145 180
119 195 180
120 2 188
120 5 176
120 16 178
120 27 189
120 57 200
120 107 190
120 116 188
120 118 200
120 129 181
120 167 200
120 191 181
121 13 183
121 16 177
121 24 188
121 64 183
121 77 186
121 100 185
121 101 190
121 104 189
121 184 189
121 189 181
122 9 191
122 10 180
122 47 192
122 53 185
122 64 185
122 70 182
122 119 190
122 127 188
122 128 186
122 129 198
122 142 178
122 154 184
122 182 179
123 22 188
123 42 186
123 55 196
123 88 195
123 136 186
123 187 188
124 19 192
124 35 191
124 39 199
124 69 182
124 75 181
124 76 183
124 131 188
124 163 183
125 47 194
125 63 189
125 104 176
125 154 191
125 168 200
126 53 177
126 60 175
126 61 192
126 73 199
126 108 181
126 109 188
126 114 192
126 117 199
126 151 189
126 166 194
126 177 189
126 185 199
127 14 191
127 45 200
127 47 198
127 111 187
127 122 188
127 170 181
128 35 180
128 80 178
128 82 187
128 102 180
128 122 186
128 129 187
128 164 195
128 194 179
129 48 186
129 71 189
129 74 187
129 82 182
129 113 179
129 120 181
129 122 198
129 128 187
129 190 189
129 198 194
130 28 189
130 41 186
130 90 187
130 96 195
130 106 188
130 151 190
130 155 180
131 20 191
131 53 182
131 56 180
131 104 178
131 124 188
131 134 193
131 139 181
131 141 177
131 162 184
131 187 190
131 192 183
131 195 187
132 25 196
132 34 185
132 52 177
132 73 176
132 82 189
132 104 184
132 133 184
132 179 188
132 182 189
132 199 193
133 66 189
133 74 177
133 86 178
133 105 178
133 132 184
133 170 200
134 12 191
134 27 192
134 32 193
134 85 176
134 89 178
134 98 195
134 131 193
134 165 182
134 185 194
134 187 195
134 192 200
135 1 193
135 27 188
135 36 199
135 43 182
135 58 188
135 75 177
135 78 192
135 144 191
135 168 192
135 180 182
135 186 191
135 199 175
136 5 195
136 13 185
136 47 179
136 71 183
136 105 190
136 117 176
136 123 186
136 161 190
136 170 183
136 172 194
136 174 186
137 49 196
137 52 186
137 112 183
137 139 177
137 148 180
137 173 177
138 48 188
138 68 182
138 100 196
138 102 179
138 105 178
138 149 180
139 21 178
139 51 179
139 52 194
139 69 180
139 86 188
139 131 181
139 137 177
139 147 187
139 148 181
140 16 199
140 30 175
140 75 189
140 80 188
140 82 199
140 89 192
140 90 196
140 107 183
140 164 180
140 191 181
141 5 196
141 15 190
141 16 193
141 17 175
141 27 196
141 31 193
141 32 183
141 59 200
141 117 200
141 131 177
141 169 191
142 16 183
142 62 198
142 72 179
142 75 198
142 80 181
142 89 179
142 105 200
142 122 178
142 168 198
142 188 181
143 50 200
143 68 183
143 70 188
143 148 190
143 160 187
143 178 198
143 183 176
144 16 179
144 45 200
144 51 199
144 72 184
144 135 191
144 166 191
144 173 176
144 191 192
145 9 181
145 49 176
145 72 176
145 119 180
145 163 188
145 172 196
145 180 197
145 188 199
146 2 177
146 3 194
146 45 194
146 57 193
146 73 190
146 84 197
146 85 191
146 105 175
146 154 187
146 168 187
147 37 182
147 48 181
147 68 184
147 71 184
147 95 184
147 96 193
147 97 176
147 105 193
147 110 197
147 139 187
147 185 190
148 26 186
148 42 180
148 110 179
148 137 180
148 139 181
148 143 190
148 165 200
148 171 185
148 175 179
148 184 179
148 193 188
149 6 179
149 37 181
149 57 176
149 103 187
149 138 180
149 158 194
150 15 190
150 29 178
150 38 193
150 51 198
150 76 175
150 81 198
150 92 185
150 101 196
150 117 184
150 167 180
150 172 176
150 184 181
150 190 199
151 12 179
151 14 189
151 23 191
151 29 185
151 38 191
151 62 177
151 65 177
151 85 192
151 100 197
151 104 199
151 106 195
151 114 189
151 118 190
151 126 189
151 130 190
151 163 180
151 181 183
152 9 177
152 27 193
152 49 175
152 51 198
152 60 199
152 98 194
152 111 199
152 185 183
152 186 190
152 196 199
153 13 197
153 74 185
153 75 194
153 166 184
154 33 195
154 51 178
154 70 182
154 103 191
154 122 184
154 125 191
154 146 187
154 184 193
154 186 181
154 194 184
155 23 189
155 41 178
155 44 195
155 45 191
155 60 198
155 79 196
155 83 179
155 98 197
155 130 180
156 29 179
156 47 183
156 80 181
156 83 179
156 163 199
157 96 186
157 187 186
157 189 179
158 49 186
158 103 200
158 109 175
158 115 199
158 149 194
158 164 199
158 199 177
159 15 184
159 34 198
159 40 186
159 55 182
159 64 187
159 178 182
159 182 185
160 11 192
160 40 176
160 41 181
160 143 187
160 173 190
160 181 193
160 198 180
161 9 195
161 24 185
161 33 190
161 69 199
161 112 196
161 115 194
161 136 190
162 9 178
162 47 195
162 92 198
162 97 177
162 131 184
162 184 193
162 195 197
163 40 180
163 42 185
163 65 183
163 86 184
163 106 175
163 124 183
163 145 188
163 151 180
163 156 199
163 166 183
163 197 175
164 12 195
164 61 175
164 77 180
164 80 178
164 85 180
164 98 189
164 128 195
164 140 180
164 158 199
164 175 180
164 184 194
165 8 186
165 41 180
165 43 190
165 60 186
165 69 185
165 110 189
165 134 182
165 148 200
166 66 194
166 113 178
166 126 194
166 144 191
166 153 184
166 163 183
167 26 178
167 49 198
167 73 179
167 120 200
167 150 180
167 170 190
168 3 178
168 16 178
168 29 183
168 34 186
168 62 178
168 64 191
168 85 181
168 94 196
168 125 200
168 135 192
168 142 198
168 146 187
168 188 182
168 194 192
169 62 184
169 103 183
169 141 191
169 170 195
169 171 185
169 176 190
170 19 177
170 36 176
170 51 181
170 53 177
170 67 184
170 69 177
170 83 198
170 111 191
170 114 199
170 127 181
170 133 200
170 136 183
170 167 190
170 169 195
170 176 179
170 194 180
171 25 179
171 64 175
171 79 181
171 104 180
171 148 185
171 169 185
171 175 186
172 4 189
172 17 187
172 24 193
172 75 187
172 103 184
172 136 194
172 145 196
172 150 176
172 178 186
172 198 193
173 12 197
173 33 186
173 45 188
173 53 187
173 70 200
173 74 181
173 102 184
173 106 191
173 137 177
173 144 176
173 160 190
173 178 187
173 182 188
173 198 193
174 13 181
174 32 190
174 40 179
174 41 187
174 42 181
174 45 196
174 66 181
174 75 190
174 87 196
174 118 176
174 136 186
174 176 188
175 15 192
175 16 184
175 19 196
175 148 179
175 164 180
175 171 186
176 10 200
176 25 176
176 31 200
176 32 187
176 76 187
176 169 190
176 170 179
176 174 188
176 178 189
177 18 176
177 74 186
177 89 197
177 115 178
177 126 189
177 183 177
177 188 186
178 19 186
178 52 185
178 69 180
178 73 189
178 76 188
178 92 200
178 98 192
178 110 176
178 143 198
178 159 182
178 172 186
178 173 187
178 176 189
178 190 180
179 12 180
179 53 179
179 68 181
179 102 192
179 132 188
179 186 200
179 199 197
180 69 180
180 74 180
180 96 183
180 135 182
180 145 197
181 4 183
181 8 176
181 20 194
181 23 180
181 24 178
181 29 199
181 32 180
181 48 180
181 151 183
181 160 193
181 182 193
181 187 195
181 188 192
182 2 196
182 6 177
182 14 179
182 48 191
182 52 180
182 97 197
182 113 184
182 122 179
182 132 189
182 159 185
182 173 188
182 181 193
183 14 195
183 16 194
183 25 179
183 29 185
183 80 182
183 108 177
183 143 176
183 177 177
183 189 189
184 1 191
184 38 183
184 39 175
184 46 198
184 57 195
184 64 177
184 69 193
184 71 197
184 100 183
184 121 189
184 148 179
184 150 181
184 154 193
184 162 193
184 164 194
184 193 188
184 197 182
185 3 188
185 60 192
185 96 191
185 102 191
185 126 199
185 134 194
185 147 190
185 152 183
186 30 181
186 38 180
186 55 189
186 65 180
186 118 180
186 135 191
186 152 190
186 154 181
186 179 200
187 1 189
187 30 194
187 47 176
187 61 192
187 123 188
187 131 190
187 134 195
187 157 186
187 181 195
188 42 190
188 43 180
188 82 188
188 118 175
188 142 181
188 145 199
188 168 182
188 177 186
188 181 192
188 191 189
189 9 192
189 11 194
189 19 190
189 23 187
189 33 193
189 38 184
189 43 190
189 48 181
189 52 180
189 54 200
189 58 185
189 59 181
189 89 178
189 93 192
189 97 193
189 121 181
189 157 179
189 183 189
190 20 187
190 24 198
190 25 176
190 31 181
190 33 190
190 92 190
190 114 187
190 129 189
190 150 199
190 178 180
191 7 187
191 85 187
191 86 196
191 114 193
191 120 181
191 140 181
191 144 192
191 188 189
192 12 177
192 51 187
192 64 185
192 73 196
192 104 179
192 131 183
192 134 200
192 196 180
193 45 184
193 71 175
193 100 182
193 103 178
193 148 188
193 184 188
194 17 196
194 32 184
194 39 193
194 55 191
194 67 177
194 85 193
194 100 199
194 128 179
194 154 184
194 168 192
194 170 180
195 17 190
195 27 185
195 33 189
195 82 178
195 92 196
195 110 195
195 111 176
195 119 180
195 131 187
195 162 197
196 42 188
196 53 175
196 54 184
196 73 184
196 96 175
196 152 199
196 192 180
197 5 199
197 16 193
197 54 198
197 92 194
197 163 175
197 184 182
198 24 197
198 55 178
198 65 189
198 95 188
198 115 196
198 129 194
198 160 180
198 172 193
198 173 193
12 t 190
76 t 197
89 t 200
132 t 193
135 t 175
158 t 177
179 t 197
