s 13 120
s 19 65
s 27 179
s 29 124
s 41 74
s 54 192
s 69 39
s 72 30
s 73 99
s 79 140
s 91 154
s 93 128
s 146 100
s 170 139
1 26 177
1 45 179
1 61 54
1 68 169
1 103 94
1 124 198
1 143 56
2 5 162
2 16 140
2 19 168
2 40 141
2 45 103
2 46 51
2 68 149
2 111 98
2 132 86
2 149 128
2 188 120
2 189 164
3 4 119
3 71 69
3 114 32
3 138 96
3 142 136
3 156 126
3 157 44
3 160 57
3 188 55
4 3 119
4 17 81
4 21 194
4 25 104
4 37 170
4 46 89
4 93 76
4 108 78
4 130 130
4 137 104
5 2 162
5 10 126
5 31 149
5 97 145
5 100 57
5 108 93
5 109 25
5 134 48
5 143 138
5 146 195
5 166 147
5 179 133
5 180 165
5 185 156
5 191 39
6 15 111
6 20 30
6 92 109
6 136 46
6 143 108
6 160 33
7 12 33
7 56 165
7 62 94
7 77 134
7 96 189
7 102 196
7 105 28
7 114 42
7 125 193
7 136 46
7 141 107
7 167 98
7 168 127
7 180 39
7 195 147
8 18 141
8 62 175
8 91 163
8 97 156
8 100 199
8 111 94
8 161 61
8 162 114
8 196 41
9 19 72
9 41 68
9 55 199
9 69 50
9 103 180
9 130 108
9 147 38
9 195 66
10 5 126
10 13 145
10 39 119
10 54 180
10 64 128
10 86 167
10 108 197
10 127 81
10 135 75
10 141 116
10 146 135
10 163 170
10 176 164
10 180 98
11 40 180
11 65 27
11 143 48
11 155 65
11 180 172
11 186 187
12 7 33
12 18 133
12 71 141
12 111 79
12 118 184
12 119 56
12 123 88
12 125 177
12 126 82
12 137 87
12 138 122
12 152 184
12 182 131
13 10 145
13 95 98
13 105 151
13 131 197
13 192 182
14 30 109
14 43 133
14 54 68
14 77 150
14 126 69
14 130 84
14 132 143
14 160 112
15 6 111
15 33 90
15 34 178
15 41 77
15 73 198
15 112 88
15 113 156
15 114 167
15 115 119
15 116 25
15 143 44
15 147 164
15 164 48
15 187 109
16 2 140
16 17 106
16 33 92
16 44 57
16 69 25
16 80 39
16 87 198
16 95 152
16 147 79
16 190 77
17 4 81
17 16 106
17 54 46
17 55 45
17 68 185
17 88 192
17 94 162
17 105 35
17 108 103
17 136 109
17 157 185
17 160 57
17 185 45
17 198 134
18 8 141
18 12 133
18 36 144
18 49 168
18 61 142
18 90 65
18 107 63
18 139 151
19 2 168
19 9 72
19 56 59
19 69 58
19 74 99
19 80 178
19 112 184
19 114 90
19 138 65
19 160 149
20 6 30
20 37 88
20 40 155
20 46 164
21 4 194
21 78 42
21 82 107
21 109 50
21 115 98
21 137 113
21 141 107
21 146 147
21 149 130
21 170 27
21 171 161
22 33 84
22 79 77
22 104 89
22 136 151
22 173 138
22 196 48
23 45 58
23 73 58
23 80 127
23 85 66
23 122 79
23 130 63
23 151 163
23 166 164
23 177 127
23 190 199
23 193 134
23 195 82
24 31 158
24 43 132
24 44 31
24 45 42
24 53 184
24 62 103
24 128 160
24 151 179
24 152 86
24 167 112
24 174 58
24 183 67
25 4 104
25 54 28
25 56 169
25 59 27
25 60 163
25 63 180
25 74 190
25 85 188
25 90 48
25 97 169
25 125 157
25 160 176
26 1 177
26 50 162
26 62 166
26 85 62
26 119 145
26 121 105
26 124 121
26 159 64
26 166 96
26 178 197
27 48 64
27 67 133
27 73 150
27 78 183
27 80 80
27 82 109
27 90 31
27 107 28
27 145 165
27 167 141
28 44 140
28 86 26
28 109 56
28 131 122
28 133 123
28 157 72
29 55 53
29 68 160
29 103 136
29 109 171
29 124 200
29 162 194
29 170 96
30 14 109
30 42 25
30 115 30
30 129 98
30 137 138
30 146 52
30 150 162
30 154 40
30 163 166
30 178 161
30 193 99
31 5 149
31 24 158
31 32 197
31 37 68
31 42 32
31 43 81
31 50 62
31 63 180
31 71 84
31 78 114
31 119 172
31 127 144
31 147 192
31 162 126
31 163 114
31 167 95
31 187 44
31 189 143
32 31 197
32 51 38
32 66 198
32 79 104
32 95 79
32 97 100
32 112 140
32 119 145
32 149 42
32 187 198
33 15 90
33 16 92
33 22 84
33 44 175
33 50 141
33 54 108
33 96 130
33 100 66
33 107 32
33 133 99
34 15 178
34 42 70
34 111 56
34 113 155
34 146 139
34 172 140
34 176 28
34 198 186
35 37 173
35 66 94
35 76 137
35 95 87
35 144 64
35 165 156
35 189 165
36 18 144
36 52 122
36 101 94
36 111 171
36 117 168
36 120 136
36 123 81
36 126 114
36 140 28
36 145 90
36 186 141
37 4 170
37 20 88
37 31 68
37 35 173
37 50 118
37 59 130
37 72 36
37 84 83
37 101 57
37 138 38
37 150 165
37 153 80
37 167 97
38 49 163
38 59 197
38 72 170
38 83 74
38 139 132
38 155 154
38 171 157
38 175 124
38 195 161
39 10 119
39 46 65
39 58 36
39 91 46
39 110 52
39 138 56
39 139 97
39 141 145
39 187 109
39 192 143
40 2 141
40 11 180
40 20 155
40 46 113
40 56 190
40 79 195
40 80 50
40 91 175
40 153 175
40 171 127
41 9 68
41 15 77
41 61 35
41 65 62
41 69 81
41 80 32
41 86 80
41 164 31
41 167 47
41 171 39
41 185 112
41 186 111
42 30 25
42 31 32
42 34 70
42 52 197
42 63 170
42 107 98
42 109 39
42 183 199
43 14 133
43 24 132
43 31 81
43 85 143
43 88 39
43 139 52
43 154 189
43 162 190
43 164 122
43 170 170
43 174 148
43 177 177
43 190 62
43 193 153
43 197 76
44 16 57
44 24 31
44 28 140
44 33 175
44 73 93
44 102 42
44 115 113
44 134 138
44 174 96
44 178 81
45 1 179
45 2 103
45 23 58
45 24 42
46 2 51
46 4 89
46 20 164
46 39 65
46 40 113
46 55 67
46 63 70
46 65 45
46 95 200
46 139 72
47 102 134
47 120 31
47 129 151
47 136 62
47 139 151
47 184 115
48 27 64
48 65 133
48 66 42
48 83 149
48 93 188
48 97 129
48 126 94
48 138 57
48 144 150
48 158 92
48 163 32
48 166 104
48 195 65
49 18 168
49 38 163
49 59 196
49 71 75
49 116 99
49 117 56
49 134 147
49 145 160
49 149 78
49 168 115
49 187 40
49 196 97
50 26 162
50 31 62
50 33 141
50 37 118
50 54 38
50 89 107
50 109 181
50 110 61
50 143 146
50 179 100
50 187 94
51 32 38
51 56 83
51 65 81
51 96 186
51 102 70
51 149 53
51 168 64
51 193 136
52 36 122
52 42 197
52 63 121
52 78 78
52 137 70
52 168 121
52 171 104
52 187 120
52 196 186
53 24 184
53 91 83
53 111 32
53 122 67
53 155 144
53 175 128
53 186 166
54 10 180
54 14 68
54 17 46
54 25 28
54 33 108
54 50 38
54 68 28
54 134 101
54 155 31
54 172 39
55 9 199
55 17 45
55 29 53
55 46 67
55 78 147
55 98 27
55 99 146
55 136 75
55 164 123
56 7 165
56 19 59
56 25 169
56 40 190
56 51 83
56 65 79
56 67 82
56 81 50
56 103 171
56 107 198
56 114 150
56 120 105
56 132 60
56 157 145
56 165 187
56 178 25
57 101 73
57 105 175
57 127 121
57 134 181
57 162 111
57 172 167
57 175 102
57 181 122
57 191 66
58 39 36
58 163 137
58 171 90
58 183 150
58 186 135
58 195 118
59 25 27
59 37 130
59 38 197
59 49 196
59 61 127
59 77 178
59 96 26
59 160 84
59 179 174
60 25 163
60 62 27
60 67 111
61 1 54
61 18 142
61 41 35
61 59 127
61 68 121
61 95 141
61 97 146
61 115 80
61 118 199
61 180 148
61 186 140
62 7 94
62 8 175
62 24 103
62 26 166
62 60 27
62 105 178
62 115 160
62 134 146
62 148 184
62 156 128
62 170 173
63 25 180
63 31 180
63 42 170
63 46 70
63 52 121
63 76 49
63 102 175
63 106 168
63 117 84
63 151 53
63 156 115
63 159 200
63 164 43
63 166 40
63 178 99
64 10 128
64 74 178
64 82 166
64 122 42
64 142 63
64 145 193
64 157 164
64 164 26
64 176 25
64 178 84
65 11 27
65 41 62
65 46 45
65 48 133
65 51 81
65 56 79
65 93 189
65 97 143
65 101 198
65 106 185
65 182 198
66 32 198
66 35 94
66 48 42
66 84 138
66 94 39
66 119 84
66 138 33
66 163 51
66 189 180
67 27 133
67 56 82
67 60 111
67 78 60
67 101 88
67 179 190
68 1 169
68 2 149
68 17 185
68 29 160
68 54 28
68 61 121
68 78 91
68 101 147
68 111 178
68 114 56
68 141 89
68 152 104
68 159 150
68 168 134
68 175 199
68 189 126
68 196 144
69 9 50
69 16 25
69 19 58
69 41 81
69 114 161
69 121 128
69 122 136
69 136 89
69 153 199
69 183 166
70 84 37
70 85 43
70 86 79
70 136 143
70 142 155
70 157 192
70 162 61
70 172 46
71 3 69
71 12 141
71 31 84
71 49 75
71 123 98
71 133 69
71 167 73
71 190 192
72 37 36
72 38 170
72 112 198
72 119 38
72 126 145
72 128 162
72 134 126
72 143 185
72 166 110
72 168 184
72 172 66
72 173 95
73 15 198
73 23 58
73 27 150
73 44 93
73 82 31
73 94 197
73 96 49
73 176 38
73 193 62
74 19 99
74 25 190
74 64 178
74 82 199
74 122 146
74 155 128
74 175 78
74 179 39
75 76 99
75 83 149
75 101 157
75 104 127
75 157 165
75 172 170
75 198 135
76 35 137
76 63 49
76 75 99
76 98 108
76 147 25
76 153 59
76 161 197
76 165 112
77 7 134
77 14 150
77 59 178
77 102 120
77 110 149
77 163 114
78 21 42
78 27 183
78 31 114
78 52 78
78 55 147
78 67 60
78 68 91
78 83 109
78 126 158
78 132 157
78 134 99
78 139 97
78 146 93
78 165 144
78 168 43
78 183 164
79 22 77
79 32 104
79 40 195
79 85 45
79 97 195
79 107 42
79 110 40
79 117 56
79 179 192
80 16 39
80 19 178
80 23 127
80 27 80
80 40 50
80 41 32
80 90 191
80 111 34
80 128 25
80 137 55
80 138 180
80 161 29
80 196 119
81 56 50
81 87 137
81 91 26
82 21 107
82 27 109
82 64 166
82 73 31
82 74 199
82 88 123
82 89 31
82 90 129
82 137 36
82 188 105
83 38 74
83 48 149
83 75 149
83 78 109
83 118 104
83 140 99
83 198 161
84 37 83
84 66 138
84 70 37
84 170 118
84 186 38
84 195 47
85 23 66
85 25 188
85 26 62
85 43 143
85 70 43
85 79 45
85 137 46
85 141 166
85 151 33
85 153 33
85 169 54
85 174 115
86 10 167
86 28 26
86 41 80
86 70 79
86 99 196
86 108 133
86 121 171
86 133 43
86 144 170
86 145 166
86 159 29
87 16 198
87 81 137
87 98 140
87 127 39
87 181 178
87 193 50
88 17 192
88 43 39
88 82 123
88 116 119
88 118 183
88 124 86
88 126 183
88 159 72
88 164 71
88 176 134
89 50 107
89 82 31
89 114 27
89 152 154
89 199 136
90 18 65
90 25 48
90 27 31
90 80 191
90 82 129
90 94 92
90 107 123
90 115 97
90 118 77
90 122 154
90 136 42
90 147 145
90 148 68
91 8 163
91 39 46
91 40 175
91 53 83
91 81 26
91 118 117
91 120 83
91 175 173
92 6 109
92 123 93
92 125 65
92 135 65
92 147 190
92 158 197
92 166 66
92 185 138
93 4 76
93 48 188
93 65 189
93 116 131
93 126 130
93 136 76
93 142 198
93 163 189
94 17 162
94 66 39
94 73 197
94 90 92
94 118 189
94 124 172
95 13 98
95 16 152
95 32 79
95 35 87
95 46 200
95 61 141
95 103 42
95 114 79
95 117 132
95 124 109
95 184 45
96 7 189
96 33 130
96 51 186
96 59 26
96 73 49
96 97 152
96 102 48
96 109 27
96 117 76
96 121 137
96 134 180
96 141 163
96 192 107
96 199 135
97 5 145
97 8 156
97 25 169
97 32 100
97 48 129
97 61 146
97 65 143
97 79 195
97 96 152
97 118 185
98 55 27
98 76 108
98 87 140
98 114 55
98 158 37
98 165 118
98 166 90
98 167 38
98 182 90
98 198 163
99 55 146
99 86 196
99 115 142
99 141 136
99 147 26
99 149 63
99 166 74
99 197 69
100 5 57
100 8 199
100 33 66
100 130 136
100 171 139
100 192 143
101 36 94
101 37 57
101 57 73
101 65 198
101 67 88
101 68 147
101 75 157
101 116 104
101 127 68
101 128 58
101 135 126
101 142 53
101 156 185
102 7 196
102 44 42
102 47 134
102 51 70
102 63 175
102 77 120
102 96 48
102 119 137
102 122 94
102 124 134
102 126 192
102 134 186
102 143 30
102 150 39
102 182 133
102 183 82
103 1 94
103 9 180
103 29 136
103 56 171
103 95 42
103 114 195
103 118 129
103 130 150
103 131 26
103 136 73
104 22 89
104 75 127
104 106 151
104 142 152
104 164 75
105 7 28
105 13 151
105 17 35
105 57 175
105 62 178
105 126 40
105 186 84
105 187 99
106 63 168
106 65 185
106 104 151
106 136 190
106 187 31
107 18 63
107 27 28
107 33 32
107 42 98
107 56 198
107 79 42
107 90 123
107 110 83
107 117 130
107 151 154
107 165 113
107 175 195
108 4 78
108 5 93
108 10 197
108 17 103
108 86 133
108 114 77
108 121 40
109 5 25
109 21 50
109 28 56
109 29 171
109 42 39
109 50 181
109 96 27
109 134 182
109 139 121
109 144 32
109 145 79
109 146 185
109 149 64
109 195 131
110 39 52
110 50 61
110 77 149
110 79 40
110 107 83
110 114 151
110 154 189
110 178 33
110 183 28
111 2 98
111 8 94
111 12 79
111 34 56
111 36 171
111 53 32
111 68 178
111 80 34
111 142 155
111 147 139
111 178 121
112 15 88
112 19 184
112 32 140
112 72 198
112 142 128
112 169 65
112 184 78
112 185 76
112 195 101
113 15 156
113 34 155
113 120 103
113 140 129
113 142 146
113 172 129
114 3 32
114 7 42
114 15 167
114 19 90
114 56 150
114 68 56
114 69 161
114 89 27
114 95 79
114 98 55
114 103 195
114 108 77
114 110 151
114 124 107
114 129 50
114 141 93
114 162 148
114 175 46
114 177 44
115 15 119
115 21 98
115 30 30
115 44 113
115 61 80
115 62 160
115 90 97
115 99 142
115 165 93
116 15 25
116 49 99
116 88 119
116 93 131
116 101 104
116 121 171
116 122 70
117 36 168
117 49 56
117 63 84
117 79 56
117 95 132
117 96 76
117 107 130
117 140 171
117 165 91
117 168 66
117 176 142
117 193 57
117 199 54
118 12 184
118 61 199
118 83 104
118 88 183
118 90 77
118 91 117
118 94 189
118 97 185
118 103 129
118 183 90
119 12 56
119 26 145
119 31 172
119 32 145
119 66 84
119 72 38
119 102 137
119 122 182
120 36 136
120 47 31
120 56 105
120 91 83
120 113 103
120 146 53
120 152 113
120 182 41
120 189 193
121 26 105
121 69 128
121 86 171
121 96 137
121 108 40
121 116 171
121 127 133
121 139 197
122 23 79
122 53 67
122 64 42
122 69 136
122 74 146
122 90 154
122 102 94
122 116 70
122 119 182
122 128 38
122 175 143
122 183 169
122 189 32
123 12 88
123 36 81
123 71 98
123 92 93
123 126 52
123 132 186
123 150 67
123 182 36
123 184 35
123 192 191
124 1 198
124 26 121
124 29 200
124 88 86
124 94 172
124 95 109
124 102 134
124 114 107
124 159 152
124 162 197
125 7 193
125 12 177
125 25 157
125 92 65
125 157 146
125 199 184
126 12 82
126 14 69
126 36 114
126 48 94
126 72 145
126 78 158
126 88 183
126 93 130
126 102 192
126 105 40
126 123 52
126 130 133
126 145 183
126 151 30
126 180 73
127 10 81
127 31 144
127 57 121
127 87 39
127 101 68
127 121 133
127 136 136
127 148 49
127 193 69
128 24 160
128 72 162
128 80 25
128 101 58
128 122 38
128 166 75
129 30 98
129 47 151
129 114 50
129 141 57
129 172 137
130 4 130
130 9 108
130 14 84
130 23 63
130 100 136
130 103 150
130 126 133
130 161 102
131 13 197
131 28 122
131 103 26
131 136 159
131 144 145
131 177 190
131 199 185
132 2 86
132 14 143
132 56 60
132 78 157
132 123 186
132 137 72
132 157 183
132 158 173
133 28 123
133 33 99
133 71 69
133 86 43
133 137 170
133 151 85
133 157 77
133 190 137
134 5 48
134 44 138
134 49 147
134 54 101
134 57 181
134 62 146
134 72 126
134 78 99
134 96 180
134 102 186
134 109 182
134 154 147
134 176 130
135 10 75
135 92 65
135 101 126
135 181 173
136 6 46
136 7 46
136 17 109
136 22 151
136 47 62
136 55 75
136 69 89
136 70 143
136 90 42
136 93 76
136 103 73
136 106 190
136 127 136
136 131 159
136 147 61
136 148 144
136 175 31
136 195 155
136 198 78
137 4 104
137 12 87
137 21 113
137 30 138
137 52 70
137 80 55
137 82 36
137 85 46
137 132 72
137 133 170
137 172 110
137 190 63
138 3 96
138 12 122
138 19 65
138 37 38
138 39 56
138 48 57
138 66 33
138 80 180
138 155 159
138 156 179
138 165 157
138 185 80
139 18 151
139 38 132
139 39 97
139 43 52
139 46 72
139 47 151
139 78 97
139 109 121
139 121 197
139 142 163
139 148 41
139 160 128
139 174 51
139 177 112
140 36 28
140 83 99
140 113 129
140 117 171
140 158 164
140 159 136
140 163 112
140 171 179
140 178 131
141 7 107
141 10 116
141 21 107
141 39 145
141 68 89
141 85 166
141 96 163
141 99 136
141 114 93
141 129 57
141 143 118
141 163 152
141 193 187
142 3 136
142 64 63
142 70 155
142 93 198
142 101 53
142 104 152
142 111 155
142 112 128
142 113 146
142 139 163
142 151 99
142 157 82
142 167 157
142 173 95
142 177 128
143 1 56
143 5 138
143 6 108
143 11 48
143 15 44
143 50 146
143 72 185
143 102 30
143 141 118
143 158 178
143 166 161
143 181 50
144 35 64
144 48 150
144 86 170
144 109 32
144 131 145
144 148 119
144 179 167
144 180 183
144 191 54
144 193 117
145 27 165
145 36 90
145 49 160
145 64 193
145 86 166
145 109 79
145 126 183
146 5 195
146 10 135
146 21 147
146 30 52
146 34 139
146 78 93
146 109 185
146 120 53
146 158 119
147 9 38
147 15 164
147 16 79
147 31 192
147 76 25
147 90 145
147 92 190
147 99 26
147 111 139
147 136 61
147 171 69
148 62 184
148 90 68
148 127 49
148 136 144
148 139 41
148 144 119
148 157 113
148 185 155
149 2 128
149 21 130
149 32 42
149 49 78
149 51 53
149 99 63
149 109 64
149 168 180
149 182 195
149 192 174
150 30 162
150 37 165
150 102 39
150 123 67
150 197 188
151 23 163
151 24 179
151 63 53
151 85 33
151 107 154
151 126 30
151 133 85
151 142 99
151 168 31
151 180 85
151 182 45
151 191 96
152 12 184
152 24 86
152 68 104
152 89 154
152 120 113
152 154 191
152 186 36
153 37 80
153 40 175
153 69 199
153 76 59
153 85 33
153 191 122
154 30 40
154 43 189
154 110 189
154 134 147
154 152 191
154 193 119
155 11 65
155 38 154
155 53 144
155 54 31
155 74 128
155 138 159
155 196 181
156 3 126
156 62 128
156 63 115
156 101 185
156 138 179
156 183 150
157 3 44
157 17 185
157 28 72
157 56 145
157 64 164
157 70 192
157 75 165
157 125 146
157 132 183
157 133 77
157 142 82
157 148 113
157 167 110
157 175 195
158 48 92
158 92 197
158 98 37
158 132 173
158 140 164
158 143 178
158 146 119
158 167 170
158 178 179
158 194 68
159 26 64
159 63 200
159 68 150
159 86 29
159 88 72
159 124 152
159 140 136
159 168 102
159 175 31
159 184 80
160 3 57
160 6 33
160 14 112
160 17 57
160 19 149
160 25 176
160 59 84
160 139 128
161 8 61
161 76 197
161 80 29
161 130 102
161 163 186
161 185 41
161 191 49
161 193 102
162 8 114
162 29 194
162 31 126
162 43 190
162 57 111
162 70 61
162 114 148
162 124 197
162 187 109
162 188 121
163 10 170
163 30 166
163 31 114
163 48 32
163 58 137
163 66 51
163 77 114
163 93 189
163 140 112
163 141 152
163 161 186
163 166 37
163 199 95
164 15 48
164 41 31
164 43 122
164 55 123
164 63 43
164 64 26
164 88 71
164 104 75
164 166 54
165 35 156
165 56 187
165 76 112
165 78 144
165 98 118
165 107 113
165 115 93
165 117 91
165 138 157
165 186 175
165 187 40
165 193 177
165 198 137
166 5 147
166 23 164
166 26 96
166 48 104
166 63 40
166 72 110
166 92 66
166 98 90
166 99 74
166 128 75
166 143 161
166 163 37
166 164 54
166 170 93
166 177 32
166 181 89
167 7 98
167 24 112
167 27 141
167 31 95
167 37 97
167 41 47
167 71 73
167 98 38
167 142 157
167 157 110
167 158 170
168 7 127
168 49 115
168 51 64
168 52 121
168 68 134
168 72 184
168 78 43
168 117 66
168 149 180
168 151 31
168 159 102
168 169 176
168 190 169
169 85 54
169 112 65
169 168 176
169 186 59
169 191 157
170 21 27
170 29 96
170 43 170
170 62 173
170 84 118
170 166 93
170 194 156
171 21 161
171 38 157
171 40 127
171 41 39
171 52 104
171 58 90
171 100 139
171 140 179
171 147 69
172 34 140
172 54 39
172 57 167
172 70 46
172 72 66
172 75 170
172 113 129
172 129 137
172 137 110
173 22 138
173 72 95
173 142 95
174 24 58
174 43 148
174 44 96
174 85 115
174 139 51
174 186 27
175 38 124
175 53 128
175 57 102
175 68 199
175 74 78
175 91 173
175 107 195
175 114 46
175 122 143
175 136 31
175 157 195
175 159 31
175 177 131
176 10 164
176 34 28
176 64 25
176 73 38
176 88 134
176 117 142
176 134 130
176 193 173
177 23 127
177 43 177
177 114 44
177 131 190
177 139 112
177 142 128
177 166 32
177 175 131
177 188 97
177 189 35
178 26 197
178 30 161
178 44 81
178 56 25
178 63 99
178 64 84
178 110 33
178 111 121
178 140 131
178 158 179
179 5 133
179 50 100
179 59 174
179 67 190
179 74 39
179 79 192
179 144 167
179 197 104
180 5 165
180 7 39
180 10 98
180 11 172
180 61 148
180 126 73
180 144 183
180 151 85
181 57 122
181 87 178
181 135 173
181 143 50
181 166 89
182 12 131
182 65 198
182 98 90
182 102 133
182 120 41
182 123 36
182 149 195
182 151 45
182 186 142
183 24 67
183 42 199
183 58 150
183 69 166
183 78 164
183 102 82
183 110 28
183 118 90
183 122 169
183 156 150
184 47 115
184 95 45
184 112 78
184 123 35
184 159 80
184 193 110
185 5 156
185 17 45
185 41 112
185 92 138
185 112 76
185 138 80
185 148 155
185 161 41
186 11 187
186 36 141
186 41 111
186 53 166
186 58 135
186 61 140
186 84 38
186 105 84
186 152 36
186 165 175
186 169 59
186 174 27
186 182 142
187 15 109
187 31 44
187 32 198
187 39 109
187 49 40
187 50 94
187 52 120
187 105 99
187 106 31
187 162 109
187 165 40
188 2 120
188 3 55
188 82 105
188 162 121
188 177 97
189 2 164
189 31 143
189 35 165
189 66 180
189 68 126
189 120 193
189 122 32
189 177 35
190 16 77
190 23 199
190 43 62
190 71 192
190 133 137
190 137 63
190 168 169
190 193 172
190 194 127
191 5 39
191 57 66
191 144 54
191 151 96
191 153 122
191 161 49
191 169 157
192 13 182
192 39 143
192 96 107
192 100 143
192 123 191
192 149 174
193 23 134
193 30 99
193 43 153
193 51 136
193 73 62
193 87 50
193 117 57
193 127 69
193 141 187
193 144 117
193 154 119
193 161 102
193 165 177
193 176 173
193 184 110
193 190 172
194 158 68
194 170 156
194 190 127
194 199 180
195 7 147
195 9 66
195 23 82
195 38 161
195 48 65
195 58 118
195 84 47
195 109 131
195 112 101
195 136 155
196 8 41
196 22 48
196 49 97
196 52 186
196 68 144
196 80 119
196 155 181
197 43 76
197 99 69
197 150 188
197 179 104
198 17 134
198 34 186
198 75 135
198 83 161
198 98 163
198 136 78
198 165 137
89 t 136
96 t 135
117 t 54
125 t 184
131 t 185
163 t 95
194 t 180
