s 21 188
s 78 129
s 88 169
s 103 166
s 138 184
s 148 129
s 163 134
s 169 164
s 191 130
1 7 185
1 9 142
1 26 136
1 43 188
1 52 138
1 58 192
1 61 141
1 99 137
1 140 138
1 163 172
2 26 136
2 37 186
2 63 138
2 71 169
2 88 187
2 117 148
2 131 188
2 146 189
2 165 175
2 168 150
2 173 200
2 193 187
3 5 193
3 10 199
3 12 132
3 47 127
3 54 181
3 77 172
3 87 146
3 89 128
3 116 129
3 118 197
3 123 152
3 135 151
3 168 200
4 10 184
4 39 184
4 46 137
4 49 133
4 93 148
4 95 152
4 103 138
4 131 148
5 3 193
5 29 128
5 37 193
5 54 125
5 83 161
5 91 126
5 131 163
5 139 137
5 172 151
5 178 196
5 180 172
5 190 147
6 50 162
6 52 154
6 56 173
6 81 197
6 93 152
6 113 141
6 118 142
6 132 173
6 135 162
6 137 175
6 152 187
6 157 192
6 197 159
7 1 185
7 26 146
7 47 168
7 55 175
7 56 170
7 68 175
7 81 198
7 90 185
7 106 175
7 125 166
7 131 145
7 137 178
7 147 138
7 180 127
7 189 179
8 13 193
8 64 183
8 97 152
9 1 142
9 24 163
9 46 164
9 65 150
9 69 140
9 70 189
9 122 159
9 176 142
10 3 199
10 4 184
10 22 136
10 29 171
10 45 147
10 62 134
10 68 183
10 110 147
10 124 191
10 153 126
10 167 198
10 189 177
10 195 184
11 26 179
11 30 158
11 37 129
11 45 197
11 70 131
11 86 133
11 101 185
11 125 126
12 3 132
12 26 125
12 77 132
12 130 181
12 167 184
12 196 157
13 8 193
13 15 151
13 17 184
13 21 164
13 27 165
13 102 155
13 119 188
13 128 159
13 142 162
13 144 166
13 174 162
13 185 163
14 41 188
14 83 140
14 91 168
14 94 188
14 118 165
14 134 131
14 136 165
14 148 195
14 168 162
14 176 132
14 184 155
15 13 151
15 25 157
15 70 125
15 86 182
15 97 149
15 99 198
15 107 193
15 121 150
15 142 158
15 166 194
15 189 191
15 195 150
16 84 143
16 102 171
16 110 177
16 134 170
16 139 183
16 142 194
16 198 151
17 13 184
17 48 135
17 62 131
17 84 127
17 104 155
17 130 136
17 142 157
17 150 134
17 164 141
17 170 178
17 189 143
17 190 154
17 193 179
18 42 139
18 43 187
18 53 143
18 75 137
18 110 178
18 119 183
18 157 153
18 174 190
18 181 166
18 184 167
19 28 163
19 37 146
19 39 128
19 46 164
19 64 174
19 68 154
19 93 176
19 116 139
19 127 136
19 190 188
19 197 161
20 39 197
20 60 147
20 61 128
20 70 187
20 95 155
20 102 129
20 104 189
20 163 190
20 188 176
21 13 164
21 24 147
21 28 129
21 72 128
21 79 179
21 106 175
21 155 143
21 197 132
22 10 136
22 33 135
22 36 126
22 46 171
22 48 155
22 61 129
22 132 176
22 161 147
22 165 186
23 60 157
23 67 133
23 72 164
23 86 161
23 94 181
23 98 175
23 104 143
23 105 147
23 112 131
23 194 166
24 9 163
24 21 147
24 50 188
24 54 179
24 57 151
24 63 131
24 64 158
24 66 156
24 83 148
24 91 141
24 92 187
24 106 130
24 108 136
24 124 174
24 131 164
24 133 173
24 143 155
24 145 127
24 157 164
24 159 129
24 174 182
24 185 148
24 187 187
25 15 157
25 31 187
25 46 176
25 65 149
25 79 132
25 138 144
25 142 150
25 156 132
25 167 153
25 170 128
25 176 125
25 177 128
25 194 181
26 1 136
26 2 136
26 7 146
26 11 179
26 12 125
26 85 157
26 175 149
26 197 131
27 13 165
27 35 192
27 50 136
27 55 129
27 62 180
27 87 188
27 112 165
27 132 189
27 156 194
27 157 169
27 159 152
27 168 144
28 19 163
28 21 129
28 31 171
28 36 174
28 40 160
28 65 153
28 73 173
28 76 179
28 79 157
28 98 176
28 102 147
28 111 145
28 134 168
28 160 199
29 5 128
29 10 171
29 32 147
29 53 156
29 138 135
29 171 135
30 11 158
30 45 161
30 46 174
30 51 145
30 61 144
30 63 165
30 74 127
30 91 151
30 119 143
30 124 169
30 143 165
30 150 153
30 157 164
30 181 157
31 25 187
31 28 171
31 62 173
31 78 130
31 104 198
31 135 185
31 143 172
31 162 178
31 171 181
31 186 129
31 193 129
32 29 147
32 33 130
32 47 166
32 90 142
32 131 171
32 152 169
32 180 161
32 190 154
32 194 161
33 22 135
33 32 130
33 55 169
33 65 174
33 68 128
33 100 164
33 121 138
33 160 167
33 168 188
33 177 144
34 42 184
34 43 132
34 56 165
34 70 126
34 134 163
34 137 174
34 147 158
34 159 158
34 173 134
34 179 181
35 27 192
35 42 194
35 70 128
35 79 131
35 102 138
35 113 186
35 121 147
35 147 126
35 177 190
35 178 139
35 190 195
35 193 166
35 198 194
36 22 126
36 28 174
36 57 192
36 61 146
36 72 153
36 81 186
36 126 191
36 129 140
36 131 171
36 132 198
36 137 189
36 162 125
36 180 130
36 194 174
36 195 162
36 197 141
37 2 186
37 5 193
37 11 129
37 19 146
37 39 158
37 55 180
37 65 176
37 86 131
37 102 155
37 103 155
37 114 184
37 182 131
37 186 178
38 45 192
38 47 179
38 74 190
38 77 173
38 121 135
38 155 150
38 173 158
39 4 184
39 19 128
39 20 197
39 37 158
39 41 151
39 45 143
39 92 155
39 125 150
39 132 163
39 176 148
39 191 152
39 193 195
39 195 186
40 28 160
40 44 145
40 104 200
40 131 137
40 143 132
40 172 152
40 196 171
41 14 188
41 39 151
41 78 160
41 95 180
41 98 133
41 101 172
41 122 156
41 128 173
42 18 139
42 34 184
42 35 194
42 45 176
42 54 188
42 55 126
42 65 159
42 89 158
42 116 196
42 167 127
42 177 148
42 184 195
43 1 188
43 18 187
43 34 132
43 106 189
43 123 126
43 159 131
43 172 171
44 40 145
44 64 159
44 115 158
44 133 156
44 147 179
44 150 193
44 158 148
44 186 134
44 189 188
44 199 189
45 10 147
45 11 197
45 30 161
45 38 192
45 39 143
45 42 176
45 60 131
45 61 170
45 66 200
45 133 127
45 159 125
45 186 128
46 4 137
46 9 164
46 19 164
46 22 171
46 25 176
46 30 174
46 72 188
46 82 155
46 83 146
46 115 139
47 3 127
47 7 168
47 32 166
47 38 179
47 52 169
47 79 175
47 91 163
47 168 144
47 176 166
48 17 135
48 22 155
48 61 164
48 106 140
48 130 190
48 147 151
48 150 195
48 177 163
49 4 133
49 54 145
49 91 129
49 97 158
49 105 134
49 110 154
49 116 183
49 128 131
49 179 147
50 6 162
50 24 188
50 27 136
50 71 140
50 86 160
50 92 152
50 121 164
50 145 147
50 146 149
50 147 184
50 158 135
50 169 132
50 171 138
50 193 173
51 30 145
51 57 136
51 73 152
51 94 183
51 103 148
51 132 157
51 157 133
51 170 155
51 179 199
52 1 138
52 6 154
52 47 169
52 58 157
52 93 158
52 157 133
53 18 143
53 29 156
53 106 168
53 133 162
53 139 157
53 167 139
53 185 186
53 194 132
54 3 181
54 5 125
54 24 179
54 42 188
54 49 145
54 55 188
54 68 170
54 75 180
54 120 164
54 162 182
55 7 175
55 27 129
55 33 169
55 37 180
55 42 126
55 54 188
55 59 200
55 64 173
55 75 161
55 106 159
55 110 142
55 159 188
56 6 173
56 7 170
56 34 165
56 101 133
56 108 154
56 114 186
56 118 157
56 125 155
56 133 180
56 157 182
56 179 195
56 194 184
57 24 151
57 36 192
57 51 136
57 85 193
57 103 177
57 122 129
57 152 190
57 157 172
57 162 173
57 165 162
57 167 174
57 187 180
58 1 192
58 52 157
58 72 139
58 74 151
58 86 150
58 102 156
58 120 149
58 148 133
58 175 129
59 55 200
59 77 193
59 145 134
59 168 154
59 184 200
59 188 178
59 192 164
60 20 147
60 23 157
60 45 131
60 97 174
60 163 185
60 172 173
60 181 166
60 189 164
61 1 141
61 20 128
61 22 129
61 30 144
61 36 146
61 45 170
61 48 164
61 93 164
61 102 155
61 111 164
61 155 139
61 171 149
61 188 125
61 191 194
61 193 154
62 10 134
62 17 131
62 27 180
62 31 173
62 66 145
62 90 146
62 91 175
62 96 145
62 116 187
62 120 178
62 123 134
62 157 143
62 160 191
62 166 199
62 188 190
62 199 144
63 2 138
63 24 131
63 30 165
63 71 128
63 72 182
63 85 168
63 99 173
63 136 136
63 144 168
63 145 199
63 159 165
63 161 149
63 172 144
63 179 133
63 192 157
64 8 183
64 19 174
64 24 158
64 44 159
64 55 173
64 74 184
64 98 129
64 107 188
64 152 195
64 191 137
65 9 150
65 25 149
65 28 153
65 33 174
65 37 176
65 42 159
65 67 158
65 71 135
65 89 137
65 104 191
65 127 140
65 143 176
65 149 141
65 187 128
66 24 156
66 45 200
66 62 145
66 77 139
66 80 192
66 109 129
66 128 176
66 146 169
67 23 133
67 65 158
67 110 193
67 118 148
67 178 190
68 7 175
68 10 183
68 19 154
68 33 128
68 54 170
68 95 132
68 120 129
68 157 197
68 159 190
68 190 189
69 9 140
69 96 150
69 108 132
69 115 196
70 9 189
70 11 131
70 15 125
70 20 187
70 34 126
70 35 128
70 87 189
70 112 191
70 135 158
70 150 194
70 194 145
71 2 169
71 50 140
71 63 128
71 65 135
71 98 199
71 114 154
71 127 198
71 163 158
71 166 197
71 171 174
72 21 128
72 23 164
72 36 153
72 46 188
72 58 139
72 63 182
72 83 146
72 91 149
72 93 159
72 124 188
72 126 127
72 129 150
72 149 192
73 28 173
73 51 152
73 90 172
73 92 179
73 106 182
73 109 189
73 130 129
73 171 197
73 172 154
73 194 143
74 30 127
74 38 190
74 58 151
74 64 184
74 88 182
74 97 154
74 114 186
74 129 190
74 132 185
75 18 137
75 54 180
75 55 161
75 95 178
75 100 182
75 132 196
75 143 178
75 161 158
75 169 182
75 183 162
75 186 149
76 28 179
76 82 195
76 93 135
76 118 199
76 171 139
76 199 138
77 3 172
77 12 132
77 38 173
77 59 193
77 66 139
77 85 193
77 103 147
77 157 188
77 164 151
77 167 194
77 193 156
78 31 130
78 41 160
78 116 157
78 148 175
78 157 133
78 171 127
79 21 179
79 25 132
79 28 157
79 35 131
79 47 175
79 111 148
79 116 140
79 138 176
79 145 160
79 150 125
79 167 177
79 181 193
79 187 190
80 66 192
80 96 147
80 97 140
80 137 174
80 141 138
80 160 155
80 173 125
81 6 197
81 7 198
81 36 186
81 88 198
81 127 150
81 143 190
81 147 159
81 178 132
81 183 166
82 46 155
82 76 195
82 118 156
82 138 186
82 164 195
82 178 141
83 5 161
83 14 140
83 24 148
83 46 146
83 72 146
83 99 163
83 120 179
83 125 157
83 150 178
83 161 199
83 181 126
83 191 162
84 16 143
84 17 127
84 108 129
84 118 198
84 149 169
84 180 140
84 183 162
85 26 157
85 57 193
85 63 168
85 77 193
85 113 126
85 134 192
85 148 136
85 164 143
86 11 133
86 15 182
86 23 161
86 37 131
86 50 160
86 58 150
86 95 152
86 115 129
86 120 140
86 140 176
86 144 184
86 147 148
86 161 160
86 194 174
87 3 146
87 27 188
87 70 189
87 108 125
87 171 142
87 175 184
87 178 195
87 192 131
88 2 187
88 74 182
88 81 198
89 3 128
89 42 158
89 65 137
89 95 129
89 99 138
89 118 149
89 148 197
90 7 185
90 32 142
90 62 146
90 73 172
90 132 135
90 144 164
90 148 186
90 152 178
90 185 146
91 5 126
91 14 168
91 24 141
91 30 151
91 47 163
91 49 129
91 62 175
91 72 149
91 134 166
91 151 188
91 168 127
91 196 176
92 24 187
92 39 155
92 50 152
92 73 179
92 112 128
92 140 144
92 144 169
92 148 155
92 154 183
92 177 188
92 199 125
93 4 148
93 6 152
93 19 176
93 52 158
93 61 164
93 72 159
93 76 135
93 134 176
93 159 188
93 174 178
93 175 145
93 184 157
93 189 184
94 14 188
94 23 181
94 51 183
94 107 151
94 140 157
94 166 128
94 174 184
94 179 192
94 191 149
95 4 152
95 20 155
95 41 180
95 68 132
95 75 178
95 86 152
95 89 129
95 131 180
95 137 170
95 153 142
96 62 145
96 69 150
96 80 147
96 121 185
96 148 143
96 157 161
96 183 154
96 197 139
97 8 152
97 15 149
97 49 158
97 60 174
97 74 154
97 80 140
97 137 174
98 23 175
98 28 176
98 41 133
98 64 129
98 71 199
98 100 140
98 138 199
98 141 181
99 1 137
99 15 198
99 63 173
99 83 163
99 89 138
99 123 199
99 126 155
99 142 131
99 149 164
99 163 186
99 167 132
99 168 126
100 33 164
100 75 182
100 98 140
100 102 153
100 157 167
100 159 190
101 11 185
101 41 172
101 56 133
101 129 175
101 134 158
102 13 155
102 16 171
102 20 129
102 28 147
102 35 138
102 37 155
102 58 156
102 61 155
102 100 153
102 142 171
102 145 128
102 152 187
102 165 148
103 4 138
103 37 155
103 51 148
103 57 177
103 77 147
103 105 127
103 118 189
103 119 188
103 129 186
103 145 152
104 17 155
104 20 189
104 23 143
104 31 198
104 40 200
104 65 191
104 141 132
104 166 199
105 23 147
105 49 134
105 103 127
105 114 154
105 126 125
105 154 182
105 155 200
105 187 182
106 7 175
106 21 175
106 24 130
106 43 189
106 48 140
106 53 168
106 55 159
106 73 182
106 131 142
106 153 177
106 154 183
106 172 138
106 177 176
107 15 193
107 64 188
107 94 151
107 120 190
107 152 169
107 164 128
107 197 135
108 24 136
108 56 154
108 69 132
108 84 129
108 87 125
108 127 132
108 129 163
108 146 198
108 197 165
109 66 129
109 73 189
109 122 152
109 145 135
109 155 145
109 187 165
110 10 147
110 16 177
110 18 178
110 49 154
110 55 142
110 67 193
110 132 126
110 154 163
110 162 148
110 191 167
111 28 145
111 61 164
111 79 148
111 114 126
111 126 184
111 133 162
111 140 176
111 150 128
112 23 131
112 27 165
112 70 191
112 92 128
112 123 159
112 128 148
112 149 151
112 168 151
113 6 141
113 35 186
113 85 126
113 136 184
113 141 139
113 179 182
113 195 167
114 37 184
114 56 186
114 71 154
114 74 186
114 105 154
114 111 126
114 169 180
114 176 141
114 183 153
115 44 158
115 46 139
115 69 196
115 86 129
115 149 151
115 162 196
115 178 182
115 194 200
116 3 129
116 19 139
116 42 196
116 49 183
116 62 187
116 78 157
116 79 140
116 141 185
116 173 143
117 2 148
117 136 191
117 160 131
118 3 197
118 6 142
118 14 165
118 56 157
118 67 148
118 76 199
118 82 156
118 84 198
118 89 149
118 103 189
118 130 174
118 137 157
118 144 191
118 157 184
119 13 188
119 18 183
119 30 143
119 103 188
119 134 184
119 160 184
119 173 190
119 178 132
120 54 164
120 58 149
120 62 178
120 68 129
120 83 179
120 86 140
120 107 190
120 128 146
120 151 196
120 159 152
120 171 143
120 197 170
121 15 150
121 33 138
121 35 147
121 38 135
121 50 164
121 96 185
121 152 152
121 182 157
122 9 159
122 41 156
122 57 129
122 109 152
122 123 130
122 130 166
122 136 174
122 138 179
122 149 181
122 151 180
122 171 137
122 179 154
122 185 193
122 190 161
122 197 178
123 3 152
123 43 126
123 62 134
123 99 199
123 112 159
123 122 130
123 126 180
123 130 131
123 169 128
123 174 144
123 183 135
124 10 191
124 24 174
124 30 169
124 72 188
124 130 128
124 184 179
125 7 166
125 11 126
125 39 150
125 56 155
125 83 157
125 134 132
125 135 187
125 136 157
125 165 158
125 189 144
126 36 191
126 72 127
126 99 155
126 105 125
126 111 184
126 123 180
126 163 142
127 19 136
127 65 140
127 71 198
127 81 150
127 108 132
127 153 150
127 165 195
127 177 180
128 13 159
128 41 173
128 49 131
128 66 176
128 112 148
128 120 146
128 145 138
128 150 188
128 188 191
129 36 140
129 72 150
129 74 190
129 101 175
129 103 186
129 108 163
129 137 138
129 155 146
129 190 194
130 12 181
130 17 136
130 48 190
130 73 129
130 118 174
130 122 166
130 123 131
130 124 128
130 134 125
130 166 134
130 190 151
131 2 188
131 4 148
131 5 163
131 7 145
131 24 164
131 32 171
131 36 171
131 40 137
131 95 180
131 106 142
131 137 171
131 159 146
131 171 186
131 190 196
132 6 173
132 22 176
132 27 189
132 36 198
132 39 163
132 51 157
132 74 185
132 75 196
132 90 135
132 110 126
132 136 192
132 138 177
132 144 144
132 190 127
133 24 173
133 44 156
133 45 127
133 53 162
133 56 180
133 111 162
133 180 154
134 14 131
134 16 170
134 28 168
134 34 163
134 85 192
134 91 166
134 93 176
134 101 158
134 119 184
134 125 132
134 130 125
134 151 155
134 170 147
134 184 173
135 3 151
135 6 162
135 31 185
135 70 158
135 125 187
135 157 163
135 159 142
135 170 183
135 172 146
136 14 165
136 63 136
136 113 184
136 117 191
136 122 174
136 125 157
136 132 192
136 146 139
136 156 172
136 175 135
136 187 186
136 192 148
137 6 175
137 7 178
137 34 174
137 36 189
137 80 174
137 95 170
137 97 174
137 118 157
137 129 138
137 131 171
137 145 127
137 155 188
137 167 191
137 187 172
137 190 145
138 25 144
138 29 135
138 79 176
138 82 186
138 98 199
138 122 179
138 132 177
138 156 157
139 5 137
139 16 183
139 53 157
139 141 174
139 143 151
139 162 143
140 1 138
140 86 176
140 92 144
140 94 157
140 111 176
140 175 141
140 181 190
140 195 149
141 80 138
141 98 181
141 104 132
141 113 139
141 116 185
141 139 174
141 158 183
141 175 200
141 183 140
142 13 162
142 15 158
142 16 194
142 17 157
142 25 150
142 99 131
142 102 171
142 147 155
142 172 137
142 192 178
143 24 155
143 30 165
143 31 172
143 40 132
143 65 176
143 75 178
143 81 190
143 139 151
143 178 148
143 188 136
143 189 162
144 13 166
144 63 168
144 86 184
144 90 164
144 92 169
144 118 191
144 132 144
144 198 193
145 24 127
145 50 147
145 59 134
145 63 199
145 79 160
145 102 128
145 103 152
145 109 135
145 128 138
145 137 127
145 156 162
145 160 158
146 2 189
146 50 149
146 66 169
146 108 198
146 136 139
146 162 193
146 168 177
146 169 140
146 172 127
146 183 147
146 185 125
146 196 132
147 7 138
147 34 158
147 35 126
147 44 179
147 48 151
147 50 184
147 81 159
147 86 148
147 142 155
147 175 192
147 179 183
147 189 189
147 191 182
147 199 129
148 14 195
148 58 133
148 78 175
148 85 136
148 89 197
148 90 186
148 92 155
148 96 143
148 188 175
148 190 130
149 65 141
149 72 192
149 84 169
149 99 164
149 112 151
149 115 151
149 122 181
150 17 134
150 30 153
150 44 193
150 48 195
150 70 194
150 79 125
150 83 178
150 111 128
150 128 188
150 151 193
150 166 138
150 167 148
151 91 188
151 120 196
151 122 180
151 134 155
151 150 193
151 162 141
151 181 157
151 184 175
152 6 187
152 32 169
152 57 190
152 64 195
152 90 178
152 102 187
152 107 169
152 121 152
152 160 167
152 198 163
153 10 126
153 95 142
153 106 177
153 127 150
153 179 198
153 184 151
154 92 183
154 105 182
154 106 183
154 110 163
154 155 146
154 159 181
154 180 195
155 21 143
155 38 150
155 61 139
155 105 200
155 109 145
155 129 146
155 137 188
155 154 146
155 157 194
155 167 171
155 177 141
155 193 156
156 25 132
156 27 194
156 136 172
156 138 157
156 145 162
156 157 177
156 179 142
156 180 158
156 193 140
156 199 140
157 6 192
157 18 153
157 24 164
157 27 169
157 30 164
157 51 133
157 52 133
157 56 182
157 57 172
157 62 143
157 68 197
157 77 188
157 78 133
157 96 161
157 100 167
157 118 184
157 135 163
157 155 194
157 156 177
157 158 133
157 169 186
157 180 135
157 190 125
158 44 148
158 50 135
158 141 183
158 157 133
158 168 181
158 177 197
159 24 129
159 27 152
159 34 158
159 43 131
159 45 125
159 55 188
159 63 165
159 68 190
159 93 188
159 100 190
159 120 152
159 131 146
159 135 142
159 154 181
159 190 156
159 193 192
160 28 199
160 33 167
160 62 191
160 80 155
160 117 131
160 119 184
160 145 158
160 152 167
160 185 171
160 194 176
161 22 147
161 63 149
161 75 158
161 83 199
161 86 160
162 31 178
162 36 125
162 54 182
162 57 173
162 110 148
162 115 196
162 139 143
162 146 193
162 151 141
162 182 139
163 1 172
163 20 190
163 60 185
163 71 158
163 99 186
163 126 142
163 169 152
163 177 189
163 180 177
163 185 191
163 196 151
164 17 141
164 77 151
164 82 195
164 85 143
164 107 128
164 172 172
164 189 184
165 2 175
165 22 186
165 57 162
165 102 148
165 125 158
165 127 195
165 174 191
166 15 194
166 62 199
166 71 197
166 94 128
166 104 199
166 130 134
166 150 138
166 187 194
167 10 198
167 12 184
167 25 153
167 42 127
167 53 139
167 57 174
167 77 194
167 79 177
167 99 132
167 137 191
167 150 148
167 155 171
167 197 141
168 2 150
168 3 200
168 14 162
168 27 144
168 33 188
168 47 144
168 59 154
168 91 127
168 99 126
168 112 151
168 146 177
168 158 181
168 179 183
169 50 132
169 75 182
169 114 180
169 123 128
169 146 140
169 157 186
169 163 152
170 17 178
170 25 128
170 51 155
170 134 147
170 135 183
171 29 135
171 31 181
171 50 138
171 61 149
171 71 174
171 73 197
171 76 139
171 78 127
171 87 142
171 120 143
171 122 137
171 131 186
171 190 171
172 5 151
172 40 152
172 43 171
172 60 173
172 63 144
172 73 154
172 106 138
172 135 146
172 142 137
172 146 127
172 164 172
173 2 200
173 34 134
173 38 158
173 80 125
173 116 143
173 119 190
174 13 162
174 18 190
174 24 182
174 93 178
174 94 184
174 123 144
174 165 191
174 180 165
174 187 179
175 26 149
175 58 129
175 87 184
175 93 145
175 136 135
175 140 141
175 141 200
175 147 192
175 179 168
175 181 144
176 9 142
176 14 132
176 25 125
176 39 148
176 47 166
176 114 141
176 194 132
177 25 128
177 33 144
177 35 190
177 42 148
177 48 163
177 92 188
177 106 176
177 127 180
177 155 141
177 158 197
177 163 189
178 5 196
178 35 139
178 67 190
178 81 132
178 82 141
178 87 195
178 115 182
178 119 132
178 143 148
178 187 144
179 34 181
179 49 147
179 51 199
179 56 195
179 63 133
179 94 192
179 113 182
179 122 154
179 147 183
179 153 198
179 156 142
179 168 183
179 175 168
179 186 148
179 196 179
179 198 147
180 5 172
180 7 127
180 32 161
180 36 130
180 84 140
180 133 154
180 154 195
180 156 158
180 157 135
180 163 177
180 174 165
180 190 197
180 193 192
181 18 166
181 30 157
181 60 166
181 79 193
181 83 126
181 140 190
181 151 157
181 175 144
181 191 178
182 37 131
182 121 157
182 162 139
182 199 198
183 75 162
183 81 166
183 84 162
183 96 154
183 114 153
183 123 135
183 141 140
183 146 147
184 14 155
184 18 167
184 42 195
184 59 200
184 93 157
184 124 179
184 134 173
184 151 175
184 153 151
184 186 194
185 13 163
185 24 148
185 53 186
185 90 146
185 122 193
185 146 125
185 160 171
185 163 191
186 31 129
186 37 178
186 44 134
186 45 128
186 75 149
186 179 148
186 184 194
186 189 200
187 24 187
187 57 180
187 65 128
187 79 190
187 105 182
187 109 165
187 136 186
187 137 172
187 166 194
187 174 179
187 178 144
187 193 132
188 20 176
188 59 178
188 61 125
188 62 190
188 128 191
188 143 136
188 148 175
189 7 179
189 10 177
189 15 191
189 17 143
189 44 188
189 60 164
189 93 184
189 125 144
189 143 162
189 147 189
189 164 184
189 186 200
190 5 147
190 17 154
190 19 188
190 32 154
190 35 195
190 68 189
190 122 161
190 129 194
190 130 151
190 131 196
190 132 127
190 137 145
190 148 130
190 157 125
190 159 156
190 171 171
190 180 197
191 39 152
191 61 194
191 64 137
191 83 162
191 94 149
191 110 167
191 147 182
191 181 178
191 192 163
191 196 140
192 59 164
192 63 157
192 87 131
192 136 148
192 142 178
192 191 163
193 2 187
193 17 179
193 31 129
193 35 166
193 39 195
193 50 173
193 61 154
193 77 156
193 155 156
193 156 140
193 159 192
193 180 192
193 187 132
194 23 166
194 25 181
194 32 161
194 36 174
194 53 132
194 56 184
194 70 145
194 73 143
194 86 174
194 115 200
194 160 176
194 176 132
195 10 184
195 15 150
195 36 162
195 39 186
195 113 167
195 140 149
196 12 157
196 40 171
196 91 176
196 146 132
196 163 151
196 179 179
196 191 140
197 6 159
197 19 161
197 21 132
197 26 131
197 36 141
197 96 139
197 107 135
197 108 165
197 120 170
197 122 178
197 167 141
198 16 151
198 35 194
198 144 193
198 152 163
198 179 147
44 t 189
62 t 144
76 t 138
92 t 125
147 t 129
156 t 140
182 t 198
