s 14 64
s 33 67
s 70 56
s 99 103
s 100 81
s 111 82
s 113 165
s 116 178
s 128 150
s 167 152
s 199 96
1 37 129
1 49 161
1 58 200
1 68 126
1 97 63
1 102 110
1 126 195
1 147 78
1 157 94
1 186 142
1 189 154
2 7 190
2 19 174
2 25 71
2 45 59
2 51 74
2 53 138
2 60 52
2 70 60
2 85 125
2 120 197
2 146 197
3 18 97
3 42 99
3 69 61
3 92 185
3 183 110
3 186 58
3 198 151
4 14 64
4 56 117
4 76 78
4 77 150
4 87 94
4 96 185
4 101 72
4 106 196
4 116 138
4 150 72
4 158 155
4 162 195
4 183 68
5 14 78
5 26 62
5 72 161
5 85 117
5 89 178
5 117 154
5 126 78
5 132 50
5 135 185
5 153 74
5 161 166
5 162 173
6 23 141
6 24 174
6 51 134
6 64 53
6 70 55
6 82 99
6 143 54
6 145 68
6 152 75
6 173 142
6 194 166
7 2 190
7 26 152
7 52 76
7 53 129
7 67 164
7 74 85
7 144 78
8 39 130
8 41 198
8 52 186
8 75 73
8 86 148
8 137 199
8 181 126
9 19 180
9 27 130
9 58 95
9 116 101
9 118 145
9 123 64
9 147 100
9 188 98
10 68 96
10 105 110
10 131 102
10 193 95
10 198 73
11 16 146
11 64 56
11 92 107
11 93 52
11 112 192
11 128 172
11 178 147
11 185 50
12 37 145
12 85 100
12 86 171
12 87 50
12 92 181
12 114 153
12 147 64
12 161 104
12 176 148
13 27 57
13 44 168
13 56 159
13 64 67
13 112 106
13 175 145
13 183 187
13 190 122
14 4 64
14 5 78
14 50 151
14 52 96
14 80 55
14 103 72
14 131 200
14 164 136
14 165 177
14 176 87
15 30 108
15 45 130
15 59 104
15 67 190
15 91 160
15 110 194
15 121 73
15 145 172
15 183 132
16 11 146
16 29 52
16 53 124
16 62 84
16 75 139
16 77 92
16 117 154
16 119 94
16 139 50
16 140 157
17 22 179
17 51 138
17 77 81
17 96 117
17 110 163
17 120 136
17 158 73
17 180 136
17 199 81
18 3 97
18 32 79
18 44 76
18 57 61
18 106 190
18 121 65
18 128 152
18 166 84
19 2 174
19 9 180
19 38 85
19 57 185
19 93 96
19 101 123
19 126 119
19 143 91
19 151 146
19 170 81
19 184 76
19 187 62
19 191 107
20 56 99
20 59 166
20 60 65
20 74 124
20 81 131
20 82 86
20 83 91
20 114 69
20 144 99
20 160 165
20 184 168
21 34 198
21 52 126
21 63 56
21 120 81
21 125 125
21 147 178
21 192 52
22 17 179
22 24 183
22 30 144
22 85 112
22 108 73
22 117 128
22 122 95
22 132 122
22 135 56
22 137 186
22 145 89
22 184 60
22 192 108
22 196 51
23 6 141
23 45 105
23 64 83
23 68 155
23 91 67
23 173 102
23 198 106
24 6 174
24 22 183
24 53 196
24 70 144
24 79 95
24 87 182
24 90 131
24 101 115
24 123 175
24 168 107
24 187 94
24 192 166
24 193 130
24 196 145
24 199 133
25 2 71
25 26 89
25 34 122
25 75 110
25 98 91
25 107 65
25 119 188
25 152 87
25 155 142
25 163 184
25 165 169
25 166 158
25 185 89
26 5 62
26 7 152
26 25 89
26 33 70
26 43 123
26 48 54
26 102 80
26 115 199
26 119 154
26 131 157
26 146 144
26 175 179
26 179 149
26 193 73
27 9 130
27 13 57
27 58 150
27 69 158
27 73 79
27 83 71
27 88 130
27 155 178
27 180 77
28 34 102
28 53 85
28 66 195
28 140 145
28 152 71
28 153 155
28 154 178
28 166 75
28 167 138
28 169 103
28 180 180
29 16 52
29 52 54
29 69 196
29 97 164
29 108 94
29 144 170
29 166 146
29 181 178
30 15 108
30 22 144
30 42 94
30 43 93
30 44 187
30 62 146
30 94 103
30 104 64
30 115 187
30 133 195
30 145 158
30 153 155
30 156 111
30 165 199
31 32 78
31 35 109
31 64 80
31 75 191
31 79 110
31 92 147
31 133 153
31 144 112
31 163 157
31 179 111
31 185 90
31 194 155
32 18 79
32 31 78
32 84 184
32 93 93
32 136 125
32 145 135
32 158 85
32 179 115
33 26 70
33 34 160
33 101 153
33 106 180
33 150 114
33 186 141
33 187 145
33 192 75
34 21 198
34 25 122
34 28 102
34 33 160
34 39 121
34 44 161
34 65 106
34 68 93
34 83 58
34 106 91
34 119 152
34 145 89
34 161 186
35 31 109
35 42 51
35 82 168
35 132 199
35 144 149
35 146 106
35 176 55
35 195 162
35 196 157
35 197 185
36 135 167
36 145 157
36 146 175
36 152 87
36 156 51
36 177 99
36 192 181
37 1 129
37 12 145
37 69 88
37 78 149
37 83 123
37 106 171
37 138 156
38 19 85
38 39 65
38 58 199
38 84 57
38 94 147
38 121 116
38 171 83
39 8 130
39 34 121
39 38 65
39 46 187
39 104 142
39 120 156
39 130 143
39 194 125
40 43 63
40 54 178
40 59 147
40 61 95
40 83 120
40 136 199
40 179 161
41 8 198
41 72 148
41 104 160
41 122 149
41 136 120
41 138 55
41 184 179
41 189 139
42 3 99
42 30 94
42 35 51
42 94 82
42 115 174
42 116 162
42 157 83
42 159 96
42 182 108
42 183 195
43 26 123
43 30 93
43 40 63
43 49 67
43 50 101
43 58 198
43 86 126
43 92 165
43 103 189
43 107 83
43 143 88
43 159 85
43 162 174
43 187 130
43 192 144
43 193 71
44 13 168
44 18 76
44 30 187
44 34 161
44 57 141
44 66 138
44 126 130
44 135 108
44 185 176
45 2 59
45 15 130
45 23 105
45 59 160
45 102 168
45 122 50
45 136 178
45 156 125
45 170 120
46 39 187
46 152 151
46 153 131
46 156 185
46 173 121
46 174 111
47 52 107
47 60 184
47 72 179
47 142 150
47 179 114
48 26 54
48 56 166
48 88 139
48 137 179
48 143 127
48 183 154
48 192 166
48 199 126
49 1 161
49 43 67
49 59 87
49 82 163
49 94 127
49 113 186
49 129 200
49 131 171
49 141 159
49 144 134
49 170 62
49 174 192
50 14 151
50 43 101
50 80 183
50 106 52
50 121 76
50 127 86
50 156 79
50 161 80
50 170 115
50 192 59
51 2 74
51 6 134
51 17 138
51 63 199
51 70 155
51 94 82
51 113 115
51 136 100
51 143 84
51 149 113
51 152 62
51 159 91
51 163 65
51 173 79
52 7 76
52 8 186
52 14 96
52 21 126
52 29 54
52 47 107
52 55 51
52 59 163
52 60 51
52 79 185
52 80 168
52 85 107
52 174 126
53 2 138
53 7 129
53 16 124
53 24 196
53 28 85
53 57 74
53 67 193
53 71 142
53 96 107
53 97 189
53 124 155
53 126 56
53 163 119
53 185 69
53 199 128
54 40 178
54 70 143
54 102 197
54 177 200
55 52 51
55 67 180
55 70 182
55 85 126
55 94 98
55 99 77
55 101 101
55 113 91
55 121 87
55 129 126
55 147 65
55 166 131
55 179 193
56 4 117
56 13 159
56 20 99
56 48 166
56 70 125
56 73 85
56 83 133
56 113 90
56 117 52
56 119 53
56 199 131
57 18 61
57 19 185
57 44 141
57 53 74
57 76 75
57 80 109
57 90 193
57 127 175
57 133 119
57 146 75
57 156 157
57 165 124
57 178 60
58 1 200
58 9 95
58 27 150
58 38 199
58 43 198
58 74 55
58 78 172
58 95 194
58 129 65
58 142 145
58 145 68
58 165 154
58 182 69
58 186 174
58 190 120
59 15 104
59 20 166
59 40 147
59 45 160
59 49 87
59 52 163
59 81 75
59 99 114
59 106 167
59 168 81
59 169 125
59 192 198
60 2 52
60 20 65
60 47 184
60 52 51
60 62 113
60 71 126
60 91 175
60 102 108
60 138 197
60 142 138
60 176 123
60 188 152
61 40 95
61 75 194
61 82 58
61 142 142
61 179 82
61 183 175
61 189 100
61 198 165
61 199 92
62 16 84
62 30 146
62 60 113
62 78 110
62 94 158
62 100 72
62 117 179
62 124 174
62 134 160
62 160 191
62 175 80
62 179 120
63 21 56
63 51 199
63 72 150
63 138 156
63 148 109
63 174 162
63 181 81
63 188 141
64 6 53
64 11 56
64 13 67
64 23 83
64 31 80
64 80 183
64 84 113
64 89 176
64 96 74
64 98 141
64 114 192
64 155 152
64 165 135
64 170 140
64 177 94
65 34 106
65 85 133
65 89 127
65 92 194
65 93 82
65 131 195
65 199 192
66 28 195
66 44 138
66 67 61
66 73 114
66 84 198
66 100 142
66 118 133
66 150 85
66 186 174
66 188 193
66 198 149
67 7 164
67 15 190
67 53 193
67 55 180
67 66 61
67 74 130
67 84 140
67 92 90
67 112 185
67 128 96
67 142 78
67 161 130
67 190 51
67 192 52
67 193 60
67 194 144
67 195 167
68 1 126
68 10 96
68 23 155
68 34 93
68 88 124
68 104 154
68 146 171
68 172 63
68 175 107
69 3 61
69 27 158
69 29 196
69 37 88
69 104 172
69 162 123
69 164 197
69 169 82
69 170 178
69 181 197
69 197 120
70 2 60
70 6 55
70 24 144
70 51 155
70 54 143
70 55 182
70 56 125
70 89 185
70 93 59
70 108 133
70 112 99
70 133 95
71 53 142
71 60 126
71 111 100
71 138 181
71 139 163
71 170 61
71 176 188
71 177 100
71 198 138
72 5 161
72 41 148
72 47 179
72 63 150
72 86 174
72 128 70
72 143 76
72 159 112
72 172 134
72 184 193
72 193 85
73 27 79
73 56 85
73 66 114
73 92 200
73 101 124
73 161 171
73 193 170
74 7 85
74 20 124
74 58 55
74 67 130
74 89 154
74 102 185
74 106 92
74 111 62
74 114 196
74 121 157
74 141 151
74 151 165
74 185 153
75 8 73
75 16 139
75 25 110
75 31 191
75 61 194
75 85 51
75 96 61
75 160 138
76 4 78
76 57 75
76 83 56
76 108 63
76 116 69
76 140 99
76 149 61
76 196 105
77 4 150
77 16 92
77 17 81
77 98 164
77 110 130
77 123 60
77 132 67
77 145 99
77 150 174
78 37 149
78 58 172
78 62 110
78 88 74
78 104 186
78 106 179
78 157 191
78 170 133
78 180 85
78 183 74
78 192 104
79 24 95
79 31 110
79 52 185
79 91 83
79 99 197
79 120 119
80 14 55
80 50 183
80 52 168
80 57 109
80 64 183
80 93 171
80 97 200
80 111 175
80 113 194
80 137 115
80 179 58
80 193 107
81 20 131
81 59 75
81 93 69
81 96 142
81 127 185
81 161 179
81 169 59
82 6 99
82 20 86
82 35 168
82 49 163
82 61 58
82 83 154
82 119 172
82 129 67
82 147 183
82 151 153
82 173 158
82 175 164
82 194 65
83 20 91
83 27 71
83 34 58
83 37 123
83 40 120
83 56 133
83 76 56
83 82 154
83 125 149
83 148 198
83 171 168
84 32 184
84 38 57
84 64 113
84 66 198
84 67 140
84 134 117
84 149 117
84 150 116
84 152 136
84 160 121
84 164 68
85 2 125
85 5 117
85 12 100
85 22 112
85 52 107
85 55 126
85 65 133
85 75 51
85 130 120
85 136 87
85 152 94
86 8 148
86 12 171
86 43 126
86 72 174
86 93 115
86 128 86
86 146 125
86 160 178
86 186 179
87 4 94
87 12 50
87 24 182
87 120 96
87 142 132
87 161 72
87 162 141
88 27 130
88 48 139
88 68 124
88 78 74
88 96 138
88 100 186
88 106 57
88 134 120
88 151 61
88 162 194
88 168 51
88 178 184
89 5 178
89 64 176
89 65 127
89 70 185
89 74 154
89 110 143
89 112 153
89 118 134
89 120 67
89 122 171
89 135 148
89 193 103
89 195 99
90 24 131
90 57 193
91 15 160
91 23 67
91 60 175
91 79 83
91 101 121
91 137 76
91 146 138
91 153 107
91 190 67
91 191 118
91 195 160
92 3 185
92 11 107
92 12 181
92 31 147
92 43 165
92 65 194
92 67 90
92 73 200
92 101 78
92 110 57
92 160 156
92 169 147
92 182 148
93 11 52
93 19 96
93 32 93
93 65 82
93 70 59
93 80 171
93 81 69
93 86 115
93 157 96
93 175 58
93 177 162
94 30 103
94 38 147
94 42 82
94 49 127
94 51 82
94 55 98
94 62 158
94 118 181
94 128 163
94 131 186
94 134 53
94 156 94
94 182 196
95 58 194
95 110 130
95 157 55
95 158 158
96 4 185
96 17 117
96 53 107
96 64 74
96 75 61
96 81 142
96 88 138
96 144 114
96 154 194
96 176 163
97 1 63
97 29 164
97 53 189
97 80 200
97 106 142
97 134 125
97 160 53
98 25 91
98 64 141
98 77 164
98 140 76
98 172 76
99 55 77
99 59 114
99 79 197
99 116 139
99 124 67
99 154 117
99 174 188
100 62 72
100 66 142
100 88 186
100 131 59
100 134 123
100 158 121
100 182 94
101 4 72
101 19 123
101 24 115
101 33 153
101 55 101
101 73 124
101 91 121
101 92 78
101 107 200
101 176 59
102 1 110
102 26 80
102 45 168
102 54 197
102 60 108
102 74 185
102 144 106
102 154 160
102 192 93
103 14 72
103 43 189
103 129 198
103 131 162
103 165 130
104 30 64
104 39 142
104 41 160
104 68 154
104 69 172
104 78 186
104 146 79
104 152 56
104 165 199
104 174 190
104 184 164
104 191 114
105 10 110
105 139 193
105 181 195
105 199 145
106 4 196
106 18 190
106 33 180
106 34 91
106 37 171
106 50 52
106 59 167
106 74 92
106 78 179
106 88 57
106 97 142
106 141 180
106 150 60
106 164 97
106 165 161
106 182 93
107 25 65
107 43 83
107 101 200
107 111 143
107 128 126
107 143 129
107 188 165
107 194 136
108 22 73
108 29 94
108 70 133
108 76 63
108 179 68
108 184 185
108 190 183
109 127 83
109 132 141
110 15 194
110 17 163
110 77 130
110 89 143
110 92 57
110 95 130
110 114 151
110 180 164
110 185 198
111 71 100
111 74 62
111 80 175
111 107 143
111 132 138
111 145 117
111 180 70
112 11 192
112 13 106
112 67 185
112 70 99
112 89 153
112 120 180
112 135 155
112 136 95
112 156 106
112 168 166
112 177 61
113 49 186
113 51 115
113 55 91
113 56 90
113 80 194
113 121 96
113 136 161
113 142 62
113 169 189
113 177 80
114 12 153
114 20 69
114 64 192
114 74 196
114 110 151
114 141 55
114 166 177
114 167 136
114 177 165
115 26 199
115 30 187
115 42 174
115 170 69
115 174 155
116 4 138
116 9 101
116 42 162
116 76 69
116 99 139
116 145 112
116 160 150
116 188 98
116 192 158
116 193 80
117 5 154
117 16 154
117 22 128
117 56 52
117 62 179
117 136 170
117 137 192
117 141 191
117 148 80
117 189 181
118 9 145
118 66 133
118 89 134
118 94 181
118 129 192
118 185 102
118 188 197
119 16 94
119 25 188
119 26 154
119 34 152
119 56 53
119 82 172
119 123 161
119 128 163
119 138 121
119 154 74
119 188 112
120 2 197
120 17 136
120 21 81
120 39 156
120 79 119
120 87 96
120 89 67
120 112 180
120 165 117
120 193 85
121 15 73
121 18 65
121 38 116
121 50 76
121 55 87
121 74 157
121 113 96
121 129 104
121 136 103
121 148 55
121 149 57
121 161 99
122 22 95
122 41 149
122 45 50
122 89 171
122 176 159
122 177 82
122 193 121
123 9 64
123 24 175
123 77 60
123 119 161
123 151 152
123 157 142
123 173 91
123 189 56
124 53 155
124 62 174
124 99 67
124 126 100
124 137 53
124 155 177
124 161 143
124 163 90
125 21 125
125 83 149
125 130 50
125 170 161
126 1 195
126 5 78
126 19 119
126 44 130
126 53 56
126 124 100
126 138 200
126 139 103
126 166 64
126 192 62
126 198 60
127 50 86
127 57 175
127 81 185
127 109 83
127 145 199
127 194 166
127 195 83
128 11 172
128 18 152
128 67 96
128 72 70
128 86 86
128 94 163
128 107 126
128 119 163
128 133 178
128 142 107
128 143 75
128 151 62
128 187 169
128 195 114
129 49 200
129 55 126
129 58 65
129 82 67
129 103 198
129 118 192
129 121 104
129 144 117
129 145 52
129 159 125
129 186 108
130 39 143
130 85 120
130 125 50
130 134 147
130 153 131
130 161 123
130 194 59
131 10 102
131 14 200
131 26 157
131 49 171
131 65 195
131 94 186
131 100 59
131 103 162
131 176 171
131 185 112
132 5 50
132 22 122
132 35 199
132 77 67
132 109 141
132 111 138
132 133 62
132 135 150
132 165 159
133 30 195
133 31 153
133 57 119
133 70 95
133 128 178
133 132 62
133 135 162
133 157 119
133 161 100
133 171 61
133 184 81
134 62 160
134 84 117
134 88 120
134 94 53
134 97 125
134 100 123
134 130 147
134 135 155
134 139 165
134 141 94
134 148 153
135 5 185
135 22 56
135 36 167
135 44 108
135 89 148
135 112 155
135 132 150
135 133 162
135 134 155
135 182 169
135 197 141
136 32 125
136 40 199
136 41 120
136 45 178
136 51 100
136 85 87
136 112 95
136 113 161
136 117 170
136 121 103
136 161 171
136 179 103
136 190 115
137 8 199
137 22 186
137 48 179
137 80 115
137 91 76
137 117 192
137 124 53
137 190 192
137 196 62
138 37 156
138 41 55
138 60 197
138 63 156
138 71 181
138 119 121
138 126 200
138 154 189
138 157 64
138 176 96
138 190 177
138 199 108
139 16 50
139 71 163
139 105 193
139 126 103
139 134 165
139 183 162
139 188 51
140 16 157
140 28 145
140 76 99
140 98 76
140 150 91
140 160 128
140 166 98
140 186 71
140 188 134
140 189 62
140 191 84
141 49 159
141 74 151
141 106 180
141 114 55
141 117 191
141 134 94
141 150 176
141 175 135
141 185 115
142 47 150
142 58 145
142 60 138
142 61 142
142 67 78
142 87 132
142 113 62
142 128 107
142 174 161
142 186 135
142 189 118
143 6 54
143 19 91
143 43 88
143 48 127
143 51 84
143 72 76
143 107 129
143 128 75
143 161 54
143 176 61
144 7 78
144 20 99
144 29 170
144 31 112
144 35 149
144 49 134
144 96 114
144 102 106
144 129 117
145 6 68
145 15 172
145 22 89
145 30 158
145 32 135
145 34 89
145 36 157
145 58 68
145 77 99
145 111 117
145 116 112
145 127 199
145 129 52
145 147 156
145 165 161
145 197 87
146 2 197
146 26 144
146 35 106
146 36 175
146 57 75
146 68 171
146 86 125
146 91 138
146 104 79
146 156 55
146 158 81
146 195 139
147 1 78
147 9 100
147 12 64
147 21 178
147 55 65
147 82 183
147 145 156
147 185 67
148 63 109
148 83 198
148 117 80
148 121 55
148 134 153
148 191 56
149 51 113
149 76 61
149 84 117
149 121 57
149 173 127
150 4 72
150 33 114
150 66 85
150 77 174
150 84 116
150 106 60
150 140 91
150 141 176
150 186 100
150 190 181
151 19 146
151 74 165
151 82 153
151 88 61
151 123 152
151 128 62
151 171 121
151 178 154
151 183 154
151 198 171
152 6 75
152 25 87
152 28 71
152 36 87
152 46 151
152 51 62
152 84 136
152 85 94
152 104 56
152 193 89
153 5 74
153 28 155
153 30 155
153 46 131
153 91 107
153 130 131
153 179 97
153 180 51
154 28 178
154 96 194
154 99 117
154 102 160
154 119 74
154 138 189
154 162 105
154 163 167
154 170 76
155 25 142
155 27 178
155 64 152
155 124 177
155 180 152
156 30 111
156 36 51
156 45 125
156 46 185
156 50 79
156 57 157
156 94 94
156 112 106
156 146 55
156 164 164
156 166 189
156 184 170
157 1 94
157 42 83
157 78 191
157 93 96
157 95 55
157 123 142
157 133 119
157 138 64
157 162 97
157 178 112
158 4 155
158 17 73
158 32 85
158 95 158
158 100 121
158 146 81
158 172 135
158 184 193
158 189 185
159 42 96
159 43 85
159 51 91
159 72 112
159 129 125
159 162 163
159 194 78
160 20 165
160 62 191
160 75 138
160 84 121
160 86 178
160 92 156
160 97 53
160 116 150
160 140 128
161 5 166
161 12 104
161 34 186
161 50 80
161 67 130
161 73 171
161 81 179
161 87 72
161 121 99
161 124 143
161 130 123
161 133 100
161 136 171
161 143 54
161 175 138
161 179 182
161 192 173
162 4 195
162 5 173
162 43 174
162 69 123
162 87 141
162 88 194
162 154 105
162 157 97
162 159 163
162 167 70
162 171 54
162 178 187
162 187 145
162 188 170
163 25 184
163 31 157
163 51 65
163 53 119
163 124 90
163 154 167
163 196 173
164 14 136
164 69 197
164 84 68
164 106 97
164 156 164
165 14 177
165 25 169
165 30 199
165 57 124
165 58 154
165 64 135
165 103 130
165 104 199
165 106 161
165 120 117
165 132 159
165 145 161
165 170 183
165 183 133
165 193 99
166 18 84
166 25 158
166 28 75
166 29 146
166 55 131
166 114 177
166 126 64
166 140 98
166 156 189
166 167 60
166 180 158
166 198 141
167 28 138
167 114 136
167 162 70
167 166 60
168 24 107
168 59 81
168 88 51
168 112 166
168 197 142
169 28 103
169 59 125
169 69 82
169 81 59
169 92 147
169 113 189
169 195 182
170 19 81
170 45 120
170 49 62
170 50 115
170 64 140
170 69 178
170 71 61
170 78 133
170 115 69
170 125 161
170 154 76
170 165 183
170 177 114
171 38 83
171 83 168
171 133 61
171 151 121
171 162 54
172 68 63
172 72 134
172 98 76
172 158 135
173 6 142
173 23 102
173 46 121
173 51 79
173 82 158
173 123 91
173 149 127
173 179 83
173 180 114
173 181 88
173 183 65
173 185 155
174 46 111
174 49 192
174 52 126
174 63 162
174 99 188
174 104 190
174 115 155
174 142 161
174 175 82
175 13 145
175 26 179
175 62 80
175 68 107
175 82 164
175 93 58
175 141 135
175 161 138
175 174 82
175 182 101
175 183 150
175 185 58
175 190 117
176 12 148
176 14 87
176 35 55
176 60 123
176 71 188
176 96 163
176 101 59
176 122 159
176 131 171
176 138 96
176 143 61
176 188 127
177 36 99
177 54 200
177 64 94
177 71 100
177 93 162
177 112 61
177 113 80
177 114 165
177 122 82
177 170 114
178 11 147
178 57 60
178 88 184
178 151 154
178 157 112
178 162 187
178 180 180
179 26 149
179 31 111
179 32 115
179 40 161
179 47 114
179 55 193
179 61 82
179 62 120
179 80 58
179 108 68
179 136 103
179 153 97
179 161 182
179 173 83
179 191 103
180 17 136
180 27 77
180 28 180
180 78 85
180 110 164
180 111 70
180 153 51
180 155 152
180 166 158
180 173 114
180 178 180
181 8 126
181 29 178
181 63 81
181 69 197
181 105 195
181 173 88
182 42 108
182 58 69
182 92 148
182 94 196
182 100 94
182 106 93
182 135 169
182 175 101
183 3 110
183 4 68
183 13 187
183 15 132
183 42 195
183 48 154
183 61 175
183 78 74
183 139 162
183 151 154
183 165 133
183 173 65
183 175 150
184 19 76
184 20 168
184 22 60
184 41 179
184 72 193
184 104 164
184 108 185
184 133 81
184 156 170
184 158 193
185 11 50
185 25 89
185 31 90
185 44 176
185 53 69
185 74 153
185 110 198
185 118 102
185 131 112
185 141 115
185 147 67
185 173 155
185 175 58
186 1 142
186 3 58
186 33 141
186 58 174
186 66 174
186 86 179
186 129 108
186 140 71
186 142 135
186 150 100
187 19 62
187 24 94
187 33 145
187 43 130
187 128 169
187 162 145
188 9 98
188 60 152
188 63 141
188 66 193
188 107 165
188 116 98
188 118 197
188 119 112
188 139 51
188 140 134
188 162 170
188 176 127
189 1 154
189 41 139
189 61 100
189 117 181
189 123 56
189 140 62
189 142 118
189 158 185
190 13 122
190 58 120
190 67 51
190 91 67
190 108 183
190 136 115
190 137 192
190 138 177
190 150 181
190 175 117
191 19 107
191 91 118
191 104 114
191 140 84
191 148 56
191 179 103
192 21 52
192 22 108
192 24 166
192 33 75
192 36 181
192 43 144
192 48 166
192 50 59
192 59 198
192 67 52
192 78 104
192 102 93
192 116 158
192 126 62
192 161 173
193 10 95
193 24 130
193 26 73
193 43 71
193 67 60
193 72 85
193 73 170
193 80 107
193 89 103
193 116 80
193 120 85
193 122 121
193 152 89
193 165 99
194 6 166
194 31 155
194 39 125
194 67 144
194 82 65
194 107 136
194 127 166
194 130 59
194 159 78
194 196 193
195 35 162
195 67 167
195 89 99
195 91 160
195 127 83
195 128 114
195 146 139
195 169 182
196 22 51
196 24 145
196 35 157
196 76 105
196 137 62
196 163 173
196 194 193
197 35 185
197 69 120
197 135 141
197 145 87
197 168 142
198 3 151
198 10 73
198 23 106
198 61 165
198 66 149
198 71 138
198 126 60
198 151 171
198 166 141
17 t 81
24 t 133
48 t 126
53 t 128
56 t 131
61 t 92
65 t 192
105 t 145
138 t 108
