s 15 177
s 35 181
s 56 183
s 76 158
s 79 171
s 123 154
s 147 196
s 166 154
s 190 195
s 194 187
s 196 165
s 199 166
1 71 195
1 75 175
1 78 174
1 80 197
1 81 199
1 83 186
1 144 186
1 162 157
1 187 199
2 7 156
2 29 175
2 32 171
2 43 160
2 53 191
2 93 192
2 149 196
2 195 190
3 31 159
3 57 155
3 132 191
3 181 193
3 182 176
4 8 157
4 9 178
4 40 167
4 75 181
4 83 197
4 96 192
4 116 155
4 151 199
4 167 176
4 188 173
4 192 183
5 17 183
5 41 171
5 82 196
5 120 179
5 122 160
5 127 153
5 154 177
5 179 151
5 188 194
6 8 173
6 46 162
6 48 178
6 68 191
6 71 150
6 186 169
7 2 156
7 27 198
7 33 197
7 36 197
7 46 162
7 48 165
7 50 185
7 106 196
7 145 153
7 151 156
7 158 177
7 171 170
7 174 158
7 185 190
8 4 157
8 6 173
8 19 196
8 24 175
8 36 161
8 43 172
8 46 191
8 53 152
8 77 158
8 86 199
8 94 197
8 95 167
8 134 158
9 4 178
9 12 179
9 58 159
9 61 191
9 78 164
9 82 177
9 100 163
9 112 159
9 132 175
9 169 183
9 191 178
9 194 157
9 198 191
10 23 177
10 30 152
10 120 166
10 134 178
10 145 173
10 162 171
10 174 191
11 36 151
11 93 152
11 99 166
11 144 168
11 197 180
12 9 179
12 26 160
12 79 162
12 95 150
12 96 172
12 97 194
12 109 155
12 118 170
12 132 178
13 16 178
13 29 170
13 51 166
13 68 195
13 70 157
13 81 185
13 176 187
14 40 163
14 51 165
14 59 200
14 112 179
14 121 157
14 130 165
14 157 163
14 176 196
14 188 183
14 192 171
15 58 156
15 84 191
15 104 199
15 134 160
15 161 188
15 197 160
16 13 178
16 69 198
16 77 165
16 87 191
16 94 174
16 133 174
16 139 164
16 161 199
16 183 200
16 197 157
17 5 183
17 23 164
17 31 169
17 45 185
17 87 191
17 106 196
17 110 161
17 117 193
17 123 181
17 149 157
17 150 151
17 192 158
18 51 162
18 64 200
18 69 168
18 77 178
18 106 172
18 121 177
18 149 168
18 166 150
18 183 171
18 187 168
19 8 196
19 106 158
19 133 171
19 139 159
19 152 184
19 167 185
19 199 183
20 46 159
20 73 155
20 83 161
20 119 160
20 134 198
20 138 187
20 142 193
20 144 198
20 161 199
20 166 180
20 173 198
21 82 191
21 84 165
21 115 198
21 119 198
21 120 198
21 135 199
21 166 150
21 198 165
22 32 161
22 74 159
22 84 179
22 119 188
22 123 169
22 141 178
22 149 162
22 160 192
22 170 154
22 185 177
22 186 184
23 10 177
23 17 164
23 47 164
23 82 195
23 112 177
24 8 175
24 52 166
24 69 183
24 78 190
24 122 157
24 126 189
24 145 180
24 153 171
25 59 173
25 62 152
25 89 161
25 90 200
25 101 194
25 118 160
25 137 194
25 177 165
26 12 160
26 71 186
26 72 197
26 142 162
26 153 167
26 165 180
27 7 198
27 38 165
27 42 158
27 43 186
27 75 158
27 102 161
27 117 176
27 129 199
27 163 152
28 40 179
28 68 184
28 73 155
28 78 150
28 102 182
28 103 156
28 107 168
28 171 150
28 185 188
28 189 174
28 192 175
29 2 175
29 13 170
29 51 174
29 55 170
29 62 187
29 68 192
29 95 199
29 108 167
29 110 190
29 112 175
29 127 197
29 129 160
29 144 173
29 172 161
29 174 181
29 187 167
30 10 152
30 49 169
30 59 168
30 64 152
30 185 168
30 186 191
31 3 159
31 17 169
31 34 190
31 59 189
31 77 196
31 83 157
31 98 185
31 158 193
31 171 171
31 181 152
31 182 169
32 2 171
32 22 161
32 37 168
32 70 150
32 74 159
32 87 185
32 115 168
32 140 166
32 158 189
32 183 194
33 7 197
33 36 154
33 85 171
33 116 158
33 129 197
33 137 152
33 138 196
33 139 189
33 143 177
33 158 191
33 166 192
33 183 195
33 184 171
34 31 190
34 67 179
34 78 167
34 88 171
34 148 163
34 157 157
34 173 191
34 192 160
35 57 152
35 59 185
35 70 158
35 79 159
35 88 151
35 149 152
35 150 173
35 169 152
35 175 194
35 194 177
36 7 197
36 8 161
36 11 151
36 33 154
36 43 161
36 53 180
36 66 161
36 82 179
36 144 163
36 148 168
36 152 175
36 154 190
36 158 185
37 32 168
37 44 160
37 112 169
37 132 183
37 146 157
37 157 170
37 161 178
37 186 175
38 27 165
38 55 200
38 68 186
38 80 168
38 117 174
38 126 176
38 136 184
38 170 175
38 180 161
38 186 174
39 102 190
39 177 187
39 188 156
39 192 188
39 196 174
40 4 167
40 14 163
40 28 179
40 44 199
40 62 176
40 68 198
40 78 161
40 98 180
40 112 162
40 158 189
40 182 195
40 185 154
41 5 171
41 51 195
41 92 198
41 143 159
41 158 167
41 174 158
41 188 155
41 196 189
42 27 158
42 43 150
42 49 174
42 55 177
42 56 150
42 67 182
42 79 193
42 99 178
42 122 154
42 127 168
42 130 169
43 2 160
43 8 172
43 27 186
43 36 161
43 42 150
43 70 164
43 81 198
43 141 162
43 154 191
44 37 160
44 40 199
44 60 183
44 64 175
44 99 164
44 120 169
45 17 185
45 48 197
45 80 197
45 158 163
45 175 166
45 191 195
46 6 162
46 7 162
46 8 191
46 20 159
46 63 195
46 77 165
46 78 152
46 121 171
46 150 194
46 160 154
46 192 165
46 197 186
47 23 164
47 70 171
47 81 173
47 88 161
47 94 192
47 102 179
47 104 178
47 110 174
47 143 173
47 149 191
47 170 165
48 6 178
48 7 165
48 45 197
48 51 190
48 82 176
48 103 166
48 186 183
49 30 169
49 42 174
49 54 197
49 62 174
49 72 185
49 88 197
49 116 170
49 156 171
49 181 171
49 182 156
49 187 184
50 7 185
50 94 154
50 129 169
50 169 191
51 13 166
51 14 165
51 18 162
51 29 174
51 41 195
51 48 190
51 55 175
51 65 194
51 84 161
51 86 185
51 113 161
51 148 166
51 149 185
52 24 166
52 73 200
52 76 173
52 77 189
52 85 154
52 93 199
52 96 200
52 100 165
52 107 189
52 137 186
52 148 192
52 157 165
52 161 191
53 2 191
53 8 152
53 36 180
53 59 167
53 69 189
53 80 182
53 149 183
53 158 154
53 169 167
54 49 197
54 74 152
54 77 159
54 91 173
54 98 150
54 105 165
54 107 167
54 111 169
54 134 181
54 136 198
54 176 156
54 188 184
55 29 170
55 38 200
55 42 177
55 51 175
55 64 178
55 77 197
55 91 200
55 109 168
55 123 193
55 149 175
55 157 181
55 163 150
55 178 165
55 189 167
55 193 162
56 42 150
56 63 194
56 99 196
56 111 178
56 141 199
56 143 176
56 151 175
56 154 182
56 181 172
57 3 155
57 35 152
57 67 155
57 74 167
57 77 176
57 79 199
57 89 161
57 136 169
58 9 159
58 15 156
58 72 154
58 77 182
58 112 195
58 122 164
58 157 168
58 172 185
58 189 161
58 192 193
59 14 200
59 25 173
59 30 168
59 31 189
59 35 185
59 53 167
59 74 196
59 85 181
59 93 157
59 108 157
59 125 156
60 44 183
60 79 194
60 148 156
60 170 197
60 192 152
61 9 191
61 100 182
61 132 189
61 134 187
61 161 185
61 166 151
61 174 155
62 25 152
62 29 187
62 40 176
62 49 174
62 85 162
62 92 171
62 107 174
62 144 192
62 191 158
63 46 195
63 56 194
63 93 154
63 157 196
63 161 155
63 188 190
64 18 200
64 30 152
64 44 175
64 55 178
64 88 179
64 157 169
65 51 194
65 86 161
65 126 198
65 130 171
65 137 192
65 139 172
65 190 150
66 36 161
66 69 197
66 73 165
66 99 189
66 102 190
66 125 162
66 148 194
66 173 188
66 177 174
66 199 195
67 34 179
67 42 182
67 57 155
67 84 174
67 103 152
67 134 150
67 150 195
67 173 177
68 6 191
68 13 195
68 28 184
68 29 192
68 38 186
68 40 198
68 77 197
68 80 179
68 91 196
68 96 150
68 108 183
68 136 163
68 197 181
68 198 168
69 16 198
69 18 168
69 24 183
69 53 189
69 66 197
69 79 189
69 92 167
69 156 188
69 164 167
69 199 185
70 13 157
70 32 150
70 35 158
70 43 164
70 47 171
70 73 172
70 88 150
70 109 188
70 165 161
70 175 169
71 1 195
71 6 150
71 26 186
71 78 195
71 88 187
71 108 193
71 113 200
71 158 171
71 180 155
71 185 166
71 195 167
72 26 197
72 49 185
72 58 154
72 99 184
72 143 157
72 154 153
72 159 168
73 20 155
73 28 155
73 52 200
73 66 165
73 70 172
73 111 187
73 136 189
73 137 160
73 149 171
73 183 178
74 22 159
74 32 159
74 54 152
74 57 167
74 59 196
74 107 199
74 110 180
74 140 181
75 1 175
75 4 181
75 27 158
75 77 168
75 99 195
75 107 185
75 120 156
75 146 166
76 52 173
76 138 169
76 147 187
76 168 150
77 8 158
77 16 165
77 18 178
77 31 196
77 46 165
77 52 189
77 54 159
77 55 197
77 57 176
77 58 182
77 68 197
77 75 168
77 85 190
77 122 163
77 157 176
77 186 195
77 192 160
78 1 174
78 9 164
78 24 190
78 28 150
78 34 167
78 40 161
78 46 152
78 71 195
78 79 195
78 91 199
78 119 184
78 183 169
79 12 162
79 35 159
79 42 193
79 57 199
79 60 194
79 69 189
79 78 195
79 84 180
79 92 185
79 155 157
79 157 196
79 161 198
79 182 162
79 184 157
80 1 197
80 38 168
80 45 197
80 53 182
80 68 179
80 95 173
80 189 168
80 192 165
81 1 199
81 13 185
81 43 198
81 47 173
81 96 195
81 109 193
81 119 153
81 120 154
81 143 184
81 183 150
82 5 196
82 9 177
82 21 191
82 23 195
82 36 179
82 48 176
82 108 184
82 153 168
82 159 189
82 167 189
82 172 195
82 187 200
82 188 199
82 193 180
82 196 178
83 1 186
83 4 197
83 20 161
83 31 157
83 84 190
83 91 168
83 104 194
83 112 195
83 118 176
83 124 175
83 134 187
83 136 189
83 140 167
83 151 182
83 170 158
83 171 180
83 186 198
84 15 191
84 21 165
84 22 179
84 51 161
84 67 174
84 79 180
84 83 190
84 98 156
84 115 166
84 136 199
84 139 176
84 149 152
85 33 171
85 52 154
85 59 181
85 62 162
85 77 190
85 120 174
85 161 155
85 183 178
85 199 155
86 8 199
86 51 185
86 65 161
86 116 157
86 123 189
86 139 150
86 163 199
86 170 178
86 171 198
86 173 173
86 178 157
86 186 199
86 189 168
87 16 191
87 17 191
87 32 185
87 121 163
87 147 189
87 150 195
87 163 200
87 173 195
88 34 171
88 35 151
88 47 161
88 49 197
88 64 179
88 70 150
88 71 187
88 96 186
88 113 165
88 140 197
88 145 194
88 148 187
88 172 175
89 25 161
89 57 161
89 120 165
89 175 158
89 180 157
90 25 200
90 122 187
90 145 161
90 159 153
90 162 193
90 169 157
90 170 190
90 187 163
91 54 173
91 55 200
91 68 196
91 78 199
91 83 168
91 108 184
91 119 178
91 139 175
91 152 189
91 161 172
92 41 198
92 62 171
92 69 167
92 79 185
92 93 184
92 139 184
92 145 160
92 151 183
92 152 188
92 153 159
92 154 161
92 162 198
92 169 180
92 187 186
93 2 192
93 11 152
93 52 199
93 59 157
93 63 154
93 92 184
93 148 196
93 151 194
93 154 188
93 155 178
93 173 187
93 176 176
93 199 182
94 8 197
94 16 174
94 47 192
94 50 154
94 105 163
94 165 183
95 8 167
95 12 150
95 29 199
95 80 173
95 106 191
95 191 165
96 4 192
96 12 172
96 52 200
96 68 150
96 81 195
96 88 186
96 97 186
96 107 186
96 162 160
96 163 153
96 172 187
96 180 155
96 181 169
97 12 194
97 96 186
97 127 167
97 134 159
97 135 156
97 145 193
97 154 181
97 173 177
98 31 185
98 40 180
98 54 150
98 84 156
98 135 191
98 167 164
99 11 166
99 42 178
99 44 164
99 56 196
99 66 189
99 72 184
99 75 195
99 116 199
99 148 189
99 175 161
99 189 164
99 195 155
100 9 163
100 52 165
100 61 182
100 117 157
100 139 188
101 25 194
101 124 182
101 127 153
101 141 185
101 150 160
101 167 168
101 179 167
102 27 161
102 28 182
102 39 190
102 47 179
102 66 190
102 139 197
102 142 193
102 158 169
102 164 176
102 170 166
103 28 156
103 48 166
103 67 152
103 133 156
103 161 182
103 168 174
103 183 156
103 192 151
104 15 199
104 47 178
104 83 194
104 182 173
105 54 165
105 94 163
105 131 162
105 166 189
105 184 158
106 7 196
106 17 196
106 18 172
106 19 158
106 95 191
106 124 175
106 142 179
106 153 150
106 180 159
106 189 190
106 194 171
107 28 168
107 52 189
107 54 167
107 62 174
107 74 199
107 75 185
107 96 186
107 124 188
107 134 172
107 151 179
107 171 164
107 181 153
107 183 176
108 29 167
108 59 157
108 68 183
108 71 193
108 82 184
108 91 184
108 111 171
108 130 193
108 145 188
108 171 151
108 186 187
108 199 163
109 12 155
109 55 168
109 70 188
109 81 193
109 121 183
109 124 166
109 139 170
109 142 173
109 159 197
109 165 154
109 194 183
110 17 161
110 29 190
110 47 174
110 74 180
110 142 176
110 167 178
110 191 165
110 198 163
111 54 169
111 56 178
111 73 187
111 108 171
111 131 160
111 141 161
111 166 185
111 169 195
111 178 174
112 9 159
112 14 179
112 23 177
112 29 175
112 37 169
112 40 162
112 58 195
112 83 195
112 132 189
112 145 199
112 159 180
112 185 179
112 192 177
113 51 161
113 71 200
113 88 165
113 114 162
113 137 187
113 151 158
114 113 162
114 175 164
115 21 198
115 32 168
115 84 166
115 123 185
115 141 183
115 147 155
115 173 154
115 177 151
115 178 171
115 193 183
115 194 196
116 4 155
116 33 158
116 49 170
116 86 157
116 99 199
116 121 157
116 130 191
116 134 180
116 138 170
116 178 200
117 17 193
117 27 176
117 38 174
117 100 157
117 163 169
117 178 200
117 189 196
117 190 168
117 199 168
118 12 170
118 25 160
118 83 176
118 120 200
118 125 162
118 144 168
118 193 197
119 20 160
119 21 198
119 22 188
119 78 184
119 81 153
119 91 178
119 131 152
119 154 190
119 165 166
119 194 171
120 5 179
120 10 166
120 21 198
120 44 169
120 75 156
120 81 154
120 85 174
120 89 165
120 118 200
120 123 175
120 127 199
120 128 168
120 129 164
120 137 159
120 144 163
120 149 161
120 168 185
120 186 153
121 14 157
121 18 177
121 46 171
121 87 163
121 109 183
121 116 157
121 129 175
121 133 160
121 156 172
121 173 156
121 181 187
122 5 160
122 24 157
122 42 154
122 58 164
122 77 163
122 90 187
122 149 179
122 153 197
122 198 177
123 17 181
123 22 169
123 55 193
123 86 189
123 115 185
123 120 175
123 144 151
123 158 162
124 83 175
124 101 182
124 106 175
124 107 188
124 109 166
124 191 162
125 59 156
125 66 162
125 118 162
125 128 164
125 131 187
125 141 186
125 152 161
125 166 173
125 183 175
125 197 169
126 24 189
126 38 176
126 65 198
126 155 178
126 164 164
126 165 194
126 171 167
126 176 152
127 5 153
127 29 197
127 42 168
127 97 167
127 101 153
127 120 199
127 181 167
127 186 179
128 120 168
128 125 164
128 172 190
128 181 162
128 198 151
129 27 199
129 29 160
129 33 197
129 50 169
129 120 164
129 121 175
129 142 173
129 171 184
129 174 153
129 185 152
130 14 165
130 42 169
130 65 171
130 108 193
130 116 191
130 140 163
130 157 166
130 161 168
130 173 165
130 177 188
131 105 162
131 111 160
131 119 152
131 125 187
131 135 161
131 147 184
131 149 192
131 150 189
131 151 196
131 155 165
132 3 191
132 9 175
132 12 178
132 37 183
132 61 189
132 112 189
132 134 194
132 189 191
132 194 187
133 16 174
133 19 171
133 103 156
133 121 160
133 138 179
133 139 161
134 8 158
134 10 178
134 15 160
134 20 198
134 54 181
134 61 187
134 67 150
134 83 187
134 97 159
134 107 172
134 116 180
134 132 194
134 176 187
134 180 199
135 21 199
135 97 156
135 98 191
135 131 161
135 138 171
135 194 172
136 38 184
136 54 198
136 57 169
136 68 163
136 73 189
136 83 189
136 84 199
136 143 162
136 158 158
136 162 169
137 25 194
137 33 152
137 52 186
137 65 192
137 73 160
137 113 187
137 120 159
137 166 177
137 180 181
138 20 187
138 33 196
138 76 169
138 116 170
138 133 179
138 135 171
139 16 164
139 19 159
139 33 189
139 65 172
139 84 176
139 86 150
139 91 175
139 92 184
139 100 188
139 102 197
139 109 170
139 133 161
139 160 156
139 171 194
140 32 166
140 74 181
140 83 167
140 88 197
140 130 163
140 151 171
140 153 182
140 190 175
140 191 156
141 22 178
141 43 162
141 56 199
141 101 185
141 111 161
141 115 183
141 125 186
141 166 168
141 193 176
141 197 166
142 20 193
142 26 162
142 102 193
142 106 179
142 109 173
142 110 176
142 129 173
142 159 171
143 33 177
143 41 159
143 47 173
143 56 176
143 72 157
143 81 184
143 136 162
143 154 151
143 162 182
143 167 189
143 168 197
143 173 167
143 197 165
143 199 162
144 1 186
144 11 168
144 20 198
144 29 173
144 36 163
144 62 192
144 118 168
144 120 163
144 123 151
144 152 159
144 156 193
144 165 186
145 7 153
145 10 173
145 24 180
145 88 194
145 90 161
145 92 160
145 97 193
145 108 188
145 112 199
145 148 184
145 154 198
145 176 189
145 187 187
146 37 157
146 75 166
147 76 187
147 87 189
147 115 155
147 131 184
147 172 175
147 175 181
148 34 163
148 36 168
148 51 166
148 52 192
148 60 156
148 66 194
148 88 187
148 93 196
148 99 189
148 145 184
148 152 197
148 165 182
148 195 193
149 2 196
149 17 157
149 18 168
149 22 162
149 35 152
149 47 191
149 51 185
149 53 183
149 55 175
149 73 171
149 84 152
149 120 161
149 122 179
149 131 192
149 160 182
149 191 165
150 17 151
150 35 173
150 46 194
150 67 195
150 87 195
150 101 160
150 131 189
150 162 192
151 4 199
151 7 156
151 56 175
151 83 182
151 92 183
151 93 194
151 107 179
151 113 158
151 131 196
151 140 171
151 163 185
151 171 154
151 187 160
152 19 184
152 36 175
152 91 189
152 92 188
152 125 161
152 144 159
152 148 197
152 158 186
152 195 176
153 24 171
153 26 167
153 82 168
153 92 159
153 106 150
153 122 197
153 140 182
153 181 157
153 182 178
153 191 177
154 5 177
154 36 190
154 43 191
154 56 182
154 72 153
154 92 161
154 93 188
154 97 181
154 119 190
154 143 151
154 145 198
154 162 155
154 177 187
154 183 178
155 79 157
155 93 178
155 126 178
155 131 165
155 163 158
155 192 171
155 195 171
156 49 171
156 69 188
156 121 172
156 144 193
156 160 169
156 189 183
157 14 163
157 34 157
157 37 170
157 52 165
157 55 181
157 58 168
157 63 196
157 64 169
157 77 176
157 79 196
157 130 166
157 169 172
157 188 200
157 193 185
158 7 177
158 31 193
158 32 189
158 33 191
158 36 185
158 40 189
158 41 167
158 45 163
158 53 154
158 71 171
158 102 169
158 123 162
158 136 158
158 152 186
159 72 168
159 82 189
159 90 153
159 109 197
159 112 180
159 142 171
159 174 168
159 198 191
160 22 192
160 46 154
160 139 156
160 149 182
160 156 169
160 193 152
161 15 188
161 16 199
161 20 199
161 37 178
161 52 191
161 61 185
161 63 155
161 79 198
161 85 155
161 91 172
161 103 182
161 130 168
161 197 190
162 1 157
162 10 171
162 90 193
162 92 198
162 96 160
162 136 169
162 143 182
162 150 192
162 154 155
162 171 192
162 177 180
162 188 195
163 27 152
163 55 150
163 86 199
163 87 200
163 96 153
163 117 169
163 151 185
163 155 158
163 178 183
164 69 167
164 102 176
164 126 164
165 26 180
165 70 161
165 94 183
165 109 154
165 119 166
165 126 194
165 144 186
165 148 182
165 167 199
165 170 199
165 188 153
165 193 172
165 197 180
166 18 150
166 20 180
166 21 150
166 33 192
166 61 151
166 105 189
166 111 185
166 125 173
166 137 177
166 141 168
166 190 175
167 4 176
167 19 185
167 82 189
167 98 164
167 101 168
167 110 178
167 143 189
167 165 199
168 76 150
168 103 174
168 120 185
168 143 197
168 171 191
168 181 197
169 9 183
169 35 152
169 50 191
169 53 167
169 90 157
169 92 180
169 111 195
169 157 172
169 175 151
169 198 159
170 22 154
170 38 175
170 47 165
170 60 197
170 83 158
170 86 178
170 90 190
170 102 166
170 165 199
170 172 176
170 175 157
170 192 191
171 7 170
171 28 150
171 31 171
171 83 180
171 86 198
171 107 164
171 108 151
171 126 167
171 129 184
171 139 194
171 151 154
171 162 192
171 168 191
171 179 167
171 188 173
172 29 161
172 58 185
172 82 195
172 88 175
172 96 187
172 128 190
172 147 175
172 170 176
172 186 178
172 194 186
172 195 169
173 20 198
173 34 191
173 66 188
173 67 177
173 86 173
173 87 195
173 93 187
173 97 177
173 115 154
173 121 156
173 130 165
173 143 167
173 192 168
174 7 158
174 10 191
174 29 181
174 41 158
174 61 155
174 129 153
174 159 168
174 194 154
174 195 187
175 35 194
175 45 166
175 70 169
175 89 158
175 99 161
175 114 164
175 147 181
175 169 151
175 170 157
175 185 166
176 13 187
176 14 196
176 54 156
176 93 176
176 126 152
176 134 187
176 145 189
176 187 197
177 25 165
177 39 187
177 66 174
177 115 151
177 130 188
177 154 187
177 162 180
177 179 199
177 183 167
177 190 152
178 55 165
178 86 157
178 111 174
178 115 171
178 116 200
178 117 200
178 163 183
178 187 180
178 198 190
178 199 160
179 5 151
179 101 167
179 171 167
179 177 199
179 195 174
180 38 161
180 71 155
180 89 157
180 96 155
180 106 159
180 134 199
180 137 181
181 3 193
181 31 152
181 49 171
181 56 172
181 96 169
181 107 153
181 121 187
181 127 167
181 128 162
181 153 157
181 168 197
181 182 192
181 199 198
182 3 176
182 31 169
182 40 195
182 49 156
182 79 162
182 104 173
182 153 178
182 181 192
183 16 200
183 18 171
183 32 194
183 33 195
183 73 178
183 78 169
183 81 150
183 85 178
183 103 156
183 107 176
183 125 175
183 154 178
183 177 167
183 193 162
183 195 160
184 33 171
184 79 157
184 105 158
185 7 190
185 22 177
185 28 188
185 30 168
185 40 154
185 71 166
185 112 179
185 129 152
185 175 166
186 6 169
186 22 184
186 30 191
186 37 175
186 38 174
186 48 183
186 77 195
186 83 198
186 86 199
186 108 187
186 120 153
186 127 179
186 172 178
186 190 189
187 1 199
187 18 168
187 29 167
187 49 184
187 82 200
187 90 163
187 92 186
187 145 187
187 151 160
187 176 197
187 178 180
187 190 158
187 192 161
188 4 173
188 5 194
188 14 183
188 39 156
188 41 155
188 54 184
188 63 190
188 82 199
188 157 200
188 162 195
188 165 153
188 171 173
188 192 177
188 198 178
189 28 174
189 55 167
189 58 161
189 80 168
189 86 168
189 99 164
189 106 190
189 117 196
189 132 191
189 156 183
190 65 150
190 117 168
190 140 175
190 166 175
190 177 152
190 186 189
190 187 158
191 9 178
191 45 195
191 62 158
191 95 165
191 110 165
191 124 162
191 140 156
191 149 165
191 153 177
192 4 183
192 14 171
192 17 158
192 28 175
192 34 160
192 39 188
192 46 165
192 58 193
192 60 152
192 77 160
192 80 165
192 103 151
192 112 177
192 155 171
192 170 191
192 173 168
192 187 161
192 188 177
192 194 188
193 55 162
193 82 180
193 115 183
193 118 197
193 141 176
193 157 185
193 160 152
193 165 172
193 183 162
193 197 181
194 9 157
194 35 177
194 106 171
194 109 183
194 115 196
194 119 171
194 132 187
194 135 172
194 172 186
194 174 154
194 192 188
195 2 190
195 71 167
195 99 155
195 148 193
195 152 176
195 155 171
195 172 169
195 174 187
195 179 174
195 183 160
195 196 154
196 39 174
196 41 189
196 82 178
196 195 154
196 199 156
197 11 180
197 15 160
197 16 157
197 46 186
197 68 181
197 125 169
197 141 166
197 143 165
197 161 190
197 165 180
197 193 181
198 9 191
198 21 165
198 68 168
198 110 163
198 122 177
198 128 151
198 159 191
198 169 159
198 178 190
198 188 178
19 t 183
66 t 195
69 t 185
85 t 155
93 t 182
108 t 163
117 t 168
143 t 162
178 t 160
181 t 198
196 t 156
