s 4 130
s 8 77
s 37 152
s 58 177
s 103 196
s 107 79
s 120 140
s 141 102
s 162 109
s 184 117
1 10 109
1 23 174
1 36 82
1 77 193
1 78 114
1 80 116
1 88 147
1 107 120
1 109 184
1 130 157
1 137 191
1 169 119
1 176 141
1 180 143
1 187 115
2 10 75
2 11 189
2 15 128
2 24 102
2 42 130
2 46 128
2 55 198
2 71 151
2 94 147
2 98 125
2 113 144
2 120 77
2 125 76
2 170 165
2 171 89
2 195 168
3 44 151
3 53 127
3 72 87
3 73 189
3 115 108
3 131 110
3 144 155
3 178 156
3 189 83
3 191 150
3 194 101
3 198 177
4 52 80
4 83 85
4 128 130
4 129 148
4 159 80
4 174 172
4 197 108
5 6 132
5 38 105
5 53 107
5 65 136
5 93 104
5 130 177
5 151 81
5 162 193
5 184 83
5 186 174
6 5 132
6 30 103
6 43 188
6 47 193
6 58 93
6 84 124
6 110 171
6 115 140
6 162 123
6 188 164
7 44 160
7 57 108
7 62 141
7 85 192
7 94 143
7 103 85
7 109 93
7 115 119
7 127 76
7 147 163
7 169 187
8 26 81
8 39 116
8 52 157
8 121 84
8 141 127
8 185 159
9 47 125
9 49 86
9 55 160
9 74 99
9 78 96
9 87 100
9 96 123
9 111 191
9 131 92
9 154 117
9 178 197
9 196 103
10 1 109
10 2 75
10 11 126
10 33 159
10 41 159
10 56 91
10 89 96
10 107 108
10 116 107
10 150 148
10 170 173
11 2 189
11 10 126
11 51 84
11 56 104
11 103 149
11 160 95
11 196 168
11 197 137
12 23 98
12 44 198
12 61 139
12 62 138
12 70 153
12 80 88
12 89 97
12 94 130
12 108 117
12 109 122
12 120 77
12 161 138
12 163 136
12 184 136
12 190 192
13 52 85
13 84 171
13 86 160
13 118 91
13 168 147
13 181 137
13 183 129
13 192 139
13 195 93
14 15 99
14 25 184
14 43 133
14 67 191
14 72 130
14 97 168
14 131 200
14 143 153
14 157 126
14 159 200
14 169 147
14 184 174
15 2 128
15 14 99
15 17 196
15 24 135
15 70 131
15 73 124
15 80 106
15 83 115
15 93 80
15 103 120
15 109 181
15 122 117
15 127 179
15 140 93
15 147 179
15 160 151
15 170 103
15 172 100
16 24 98
16 54 172
16 77 130
16 81 75
17 15 196
17 20 142
17 21 144
17 25 105
17 63 112
17 103 78
17 116 129
17 131 92
17 142 142
17 166 186
17 199 155
18 35 85
18 64 153
18 65 136
18 71 112
18 78 200
18 85 155
18 89 198
18 120 122
18 134 179
18 146 168
18 157 148
18 159 144
18 185 183
19 37 189
19 47 139
19 65 118
19 109 144
19 120 116
19 128 96
19 168 192
20 17 142
20 34 97
20 62 95
20 66 151
20 95 160
20 110 84
20 113 175
20 176 84
20 177 87
20 185 183
20 195 109
21 17 144
21 74 89
21 112 198
21 126 92
21 128 188
21 132 175
21 140 134
21 143 157
21 148 103
21 153 143
21 192 171
22 55 113
22 61 126
22 104 107
22 142 169
22 163 125
22 180 134
22 196 123
23 1 174
23 12 98
23 43 83
23 82 153
23 130 84
23 171 145
23 189 140
24 2 102
24 15 135
24 16 98
24 58 115
24 68 92
24 80 175
24 97 120
24 135 126
24 191 162
24 192 190
25 14 184
25 17 105
25 34 88
25 48 189
25 84 183
25 109 169
25 124 115
26 8 81
26 33 77
26 45 127
26 50 178
26 69 115
26 119 188
26 123 196
26 132 186
26 178 178
27 34 160
27 38 145
27 42 194
27 70 111
27 83 92
27 124 190
27 140 139
27 166 110
27 191 114
27 199 149
28 50 135
28 64 127
28 79 95
28 122 169
28 127 170
28 135 178
28 143 139
28 146 186
28 184 94
29 46 108
29 85 112
29 100 162
29 106 136
29 118 136
29 121 181
29 152 135
29 178 135
29 186 76
29 192 159
29 195 103
30 6 103
30 37 159
30 49 156
30 55 186
30 57 196
30 79 157
30 99 161
30 103 108
30 106 108
30 154 177
30 166 111
30 186 99
31 42 173
31 55 97
31 56 187
31 57 182
31 86 176
31 130 173
31 142 166
31 144 121
31 147 130
31 173 87
31 181 189
31 199 115
32 64 155
32 85 152
32 132 142
32 170 172
32 175 126
32 177 108
33 10 159
33 26 77
33 35 97
33 61 121
33 77 121
33 110 142
33 130 187
33 132 172
33 192 89
33 197 165
34 20 97
34 25 88
34 27 160
34 45 175
34 100 192
34 124 175
34 158 110
34 163 93
35 18 85
35 33 97
35 61 181
35 100 113
35 103 94
35 124 82
35 126 174
35 156 128
36 1 82
36 136 138
37 19 189
37 30 159
37 46 152
37 73 166
37 75 105
37 81 174
37 106 114
37 111 128
37 122 115
37 128 117
37 140 117
37 151 108
37 159 127
38 5 105
38 27 145
38 39 141
38 42 82
38 45 161
38 95 94
38 108 128
38 141 82
38 151 85
39 8 116
39 38 141
39 44 153
39 53 185
39 64 110
39 84 124
39 111 162
39 141 115
39 153 194
39 177 143
40 53 160
40 60 155
40 62 130
40 70 113
40 107 140
40 115 75
40 123 188
40 124 118
40 132 198
40 142 142
40 173 150
40 182 164
40 183 138
41 10 159
41 60 91
41 83 200
41 97 147
41 99 89
41 108 194
41 114 95
41 182 80
41 193 162
42 2 130
42 27 194
42 31 173
42 38 82
42 51 190
42 99 92
42 110 169
42 130 169
42 147 135
42 151 85
42 164 137
42 187 96
42 191 133
42 192 75
43 6 188
43 14 133
43 23 83
43 60 151
43 64 106
43 66 174
43 77 131
43 83 192
43 103 108
43 140 192
44 3 151
44 7 160
44 12 198
44 39 153
44 73 78
44 97 150
44 110 130
44 124 86
44 141 76
44 151 126
44 157 183
44 163 117
44 166 142
44 174 93
44 177 154
44 195 187
45 26 127
45 34 175
45 38 161
45 47 172
45 68 113
45 76 89
45 84 164
45 86 183
45 104 163
45 116 92
45 134 196
45 160 181
45 175 97
45 193 196
46 2 128
46 29 108
46 37 152
46 48 198
46 53 149
46 56 77
46 64 111
46 88 162
46 106 99
46 113 104
47 6 193
47 9 125
47 19 139
47 45 172
47 67 87
47 92 96
47 104 80
47 125 177
47 132 160
47 136 124
47 141 96
47 149 180
47 166 168
48 25 189
48 46 198
48 49 183
48 55 158
48 57 77
48 59 79
48 66 119
48 69 169
48 75 194
48 88 109
48 167 151
48 169 179
48 173 173
48 190 95
49 9 86
49 30 156
49 48 183
49 141 147
49 142 176
49 149 138
49 182 153
49 191 167
49 194 129
50 26 178
50 28 135
50 53 109
50 73 109
50 93 157
50 97 134
50 116 194
50 132 103
50 133 96
50 137 148
50 140 194
50 146 91
50 180 159
50 188 125
50 191 181
51 11 84
51 42 190
51 65 146
51 71 130
51 73 128
51 80 103
51 91 152
51 97 167
51 107 96
51 126 146
51 138 127
51 145 116
51 187 169
52 4 80
52 8 157
52 13 85
52 56 110
52 68 149
52 84 188
52 96 105
52 124 119
52 144 95
52 161 132
52 175 94
52 192 187
53 3 127
53 5 107
53 39 185
53 40 160
53 46 149
53 50 109
53 85 103
53 110 117
53 137 86
53 143 98
53 151 153
53 173 163
54 16 172
54 90 144
54 116 162
54 124 198
54 126 82
54 141 156
54 159 137
54 165 85
54 184 105
54 192 97
55 2 198
55 9 160
55 22 113
55 30 186
55 31 97
55 48 158
55 65 118
55 121 160
55 122 173
55 132 118
55 145 103
55 176 128
56 10 91
56 11 104
56 31 187
56 46 77
56 52 110
56 130 116
56 170 102
56 173 183
56 184 98
56 187 130
56 189 135
56 191 175
57 7 108
57 30 196
57 31 182
57 48 77
57 84 116
57 89 87
57 95 155
57 99 165
57 159 138
57 163 83
58 6 93
58 24 115
58 59 106
58 85 113
58 117 85
58 181 114
59 48 79
59 58 106
59 76 92
59 86 92
59 92 157
59 95 163
59 121 198
59 135 196
59 154 94
59 181 181
59 192 85
60 40 155
60 41 91
60 43 151
60 122 146
60 132 86
60 133 125
60 141 78
60 149 96
61 12 139
61 22 126
61 33 121
61 35 181
61 76 128
61 89 165
61 107 98
61 115 112
61 124 161
61 157 198
61 165 162
61 184 98
62 7 141
62 12 138
62 20 95
62 40 130
62 66 86
62 105 169
62 127 83
62 131 177
62 150 137
62 161 88
62 180 156
63 17 112
63 79 108
63 82 152
63 101 157
63 102 133
63 112 106
63 122 148
63 141 90
63 157 195
64 18 153
64 28 127
64 32 155
64 39 110
64 43 106
64 46 111
64 96 159
64 112 103
64 113 192
64 144 125
64 155 106
64 173 109
64 176 132
64 184 145
64 199 118
65 5 136
65 18 136
65 19 118
65 51 146
65 55 118
65 134 101
65 135 110
65 139 200
65 167 127
65 180 191
65 187 173
66 20 151
66 43 174
66 48 119
66 62 86
66 111 102
66 141 154
66 144 107
66 154 108
67 14 191
67 47 87
67 99 87
67 128 124
67 164 108
67 192 169
68 24 92
68 45 113
68 52 149
68 108 200
68 122 82
68 125 117
68 178 82
68 188 101
68 189 164
69 26 115
69 48 169
69 101 188
69 116 122
69 118 161
69 124 107
69 128 155
69 142 150
69 143 174
69 159 176
69 160 112
70 12 153
70 15 131
70 27 111
70 40 113
70 97 95
70 184 195
70 191 197
70 196 172
71 2 151
71 18 112
71 51 130
71 89 93
71 91 185
71 106 108
71 127 153
71 151 103
71 197 131
72 3 87
72 14 130
72 86 190
72 115 176
72 131 151
72 132 81
72 152 176
72 160 137
72 187 102
72 191 125
72 192 81
73 3 189
73 15 124
73 37 166
73 44 78
73 50 109
73 51 128
73 83 154
73 93 118
73 101 185
73 140 82
73 146 133
73 147 189
73 162 130
73 174 142
73 178 194
74 9 99
74 21 89
74 101 93
74 111 96
74 121 76
74 146 76
74 148 80
74 151 173
74 171 115
74 195 104
75 37 105
75 48 194
75 81 136
75 85 163
75 109 159
75 111 129
75 115 138
75 150 183
75 158 140
75 178 89
75 191 196
76 45 89
76 59 92
76 61 128
76 78 124
76 94 95
76 100 184
76 128 163
76 130 95
76 158 125
76 161 150
76 163 137
76 164 146
76 168 158
76 194 105
77 1 193
77 16 130
77 33 121
77 43 131
77 80 166
77 112 122
77 129 185
77 131 165
77 162 139
77 177 189
77 178 93
78 1 114
78 9 96
78 18 200
78 76 124
78 104 115
78 113 133
78 116 122
78 122 146
78 142 108
78 147 101
78 169 177
78 173 129
79 28 95
79 30 157
79 63 108
79 96 120
79 117 188
79 120 171
79 122 94
79 125 171
79 150 150
79 176 146
79 189 158
79 190 155
79 197 115
79 198 113
80 1 116
80 12 88
80 15 106
80 24 175
80 51 103
80 77 166
80 96 126
80 111 187
80 148 162
80 154 159
81 16 75
81 37 174
81 75 136
81 83 185
81 86 170
81 147 89
81 157 166
81 158 103
81 163 108
81 182 80
81 188 192
82 23 153
82 63 152
82 86 123
82 109 89
82 131 195
82 156 163
82 165 127
82 183 135
82 189 193
82 196 172
83 4 85
83 15 115
83 27 92
83 41 200
83 43 192
83 73 154
83 81 185
83 85 143
83 106 127
83 112 105
83 142 98
83 151 164
83 160 102
83 165 193
83 167 191
83 178 139
84 6 124
84 13 171
84 25 183
84 39 124
84 45 164
84 52 188
84 57 116
84 97 102
84 98 100
84 106 171
84 117 166
84 119 121
84 172 102
85 7 192
85 18 155
85 29 112
85 32 152
85 53 103
85 58 113
85 75 163
85 83 143
85 91 136
85 99 148
85 122 186
85 129 130
85 134 164
85 147 174
85 148 169
85 173 168
85 195 193
85 198 156
86 13 160
86 31 176
86 45 183
86 59 92
86 72 190
86 81 170
86 82 123
86 107 112
86 119 171
86 121 182
86 125 199
86 136 75
86 172 167
86 188 142
87 9 100
87 129 186
87 131 165
87 174 152
87 193 178
87 199 118
88 1 147
88 46 162
88 48 109
88 150 198
88 196 119
89 10 96
89 12 97
89 18 198
89 57 87
89 61 165
89 71 93
89 107 94
89 149 179
89 162 80
89 172 166
89 174 122
90 54 144
90 98 181
90 124 176
90 139 129
90 143 167
90 147 126
90 196 144
90 198 111
91 51 152
91 71 185
91 85 136
91 147 97
91 177 101
91 192 148
92 47 96
92 59 157
92 94 87
92 115 181
92 126 121
92 128 140
92 132 128
92 143 85
92 154 101
92 176 92
93 5 104
93 15 80
93 50 157
93 73 118
93 107 129
93 116 192
93 132 110
93 136 172
93 137 120
93 160 178
93 162 197
94 2 147
94 7 143
94 12 130
94 76 95
94 92 87
94 119 106
94 133 106
94 155 163
94 170 95
95 20 160
95 38 94
95 57 155
95 59 163
95 102 82
95 143 118
95 153 141
95 160 158
95 178 165
95 187 192
96 9 123
96 52 105
96 64 159
96 79 120
96 80 126
96 98 198
96 119 176
96 130 190
97 14 168
97 24 120
97 41 147
97 44 150
97 50 134
97 51 167
97 70 95
97 84 102
97 101 194
97 102 80
97 111 170
98 2 125
98 84 100
98 90 181
98 96 198
98 134 107
98 153 168
98 166 118
98 167 115
98 182 115
98 198 109
99 30 161
99 41 89
99 42 92
99 57 165
99 67 87
99 85 148
99 111 151
99 118 167
99 141 138
99 142 120
99 145 119
99 154 159
99 157 182
99 167 132
99 186 186
100 29 162
100 34 192
100 35 113
100 76 184
100 115 164
100 125 118
100 134 176
100 160 125
100 173 190
100 193 143
101 63 157
101 69 188
101 73 185
101 74 93
101 97 194
101 107 166
101 159 121
102 63 133
102 95 82
102 97 80
102 117 84
102 122 101
102 155 196
102 188 156
103 7 85
103 11 149
103 15 120
103 17 78
103 30 108
103 35 94
103 43 108
103 119 105
103 121 160
103 145 185
103 164 77
103 165 155
103 187 127
104 22 107
104 45 163
104 47 80
104 78 115
104 111 107
104 124 90
104 192 103
105 62 169
105 107 76
105 121 143
105 136 92
105 139 198
105 164 176
105 165 127
105 172 76
105 187 78
106 29 136
106 30 108
106 37 114
106 46 99
106 71 108
106 83 127
106 84 171
106 122 83
106 123 185
106 128 95
106 143 108
106 174 109
106 197 147
107 1 120
107 10 108
107 40 140
107 51 96
107 61 98
107 86 112
107 89 94
107 93 129
107 101 166
107 105 76
107 139 147
107 160 122
107 161 102
107 172 89
108 12 117
108 38 128
108 41 194
108 68 200
108 156 146
108 173 170
108 193 124
109 1 184
109 7 93
109 12 122
109 15 181
109 19 144
109 25 169
109 75 159
109 82 89
109 151 147
109 193 123
109 196 96
110 6 171
110 20 84
110 33 142
110 42 169
110 44 130
110 53 117
110 153 136
110 180 196
111 9 191
111 37 128
111 39 162
111 66 102
111 74 96
111 75 129
111 80 187
111 97 170
111 99 151
111 104 107
111 114 153
111 163 190
111 166 151
111 177 158
112 21 198
112 63 106
112 64 103
112 77 122
112 83 105
112 135 155
112 152 85
112 161 84
112 168 120
113 2 144
113 20 175
113 46 104
113 64 192
113 78 133
113 116 179
113 128 171
113 166 93
113 175 129
114 41 95
114 111 153
114 183 161
114 199 122
115 3 108
115 6 140
115 7 119
115 40 75
115 61 112
115 72 176
115 75 138
115 92 181
115 100 164
115 123 167
115 128 116
115 136 111
115 165 125
115 179 82
115 196 198
116 10 107
116 17 129
116 45 92
116 50 194
116 54 162
116 69 122
116 78 122
116 93 192
116 113 179
116 119 146
116 133 95
116 156 155
117 58 85
117 79 188
117 84 166
117 102 84
117 156 78
117 164 191
117 181 125
117 198 80
117 199 105
118 13 91
118 29 136
118 69 161
118 99 167
118 130 146
118 153 144
118 175 93
118 189 95
118 195 165
119 26 188
119 84 121
119 86 171
119 94 106
119 96 176
119 103 105
119 116 146
119 142 156
119 177 200
119 197 144
120 2 77
120 12 77
120 18 122
120 19 116
120 79 171
120 145 198
120 170 120
120 193 99
120 195 125
121 8 84
121 29 181
121 55 160
121 59 198
121 74 76
121 86 182
121 103 160
121 105 143
122 15 117
122 28 169
122 37 115
122 55 173
122 60 146
122 63 148
122 68 82
122 78 146
122 79 94
122 85 186
122 102 101
122 106 83
122 133 120
122 165 80
122 190 133
122 193 116
123 26 196
123 40 188
123 106 185
123 115 167
123 160 192
123 161 160
123 175 93
123 179 116
123 181 96
123 182 160
124 25 115
124 27 190
124 34 175
124 35 82
124 40 118
124 44 86
124 52 119
124 54 198
124 61 161
124 69 107
124 90 176
124 104 90
124 173 187
124 174 178
124 194 154
125 2 76
125 47 177
125 68 117
125 79 171
125 86 199
125 100 118
125 186 110
126 21 92
126 35 174
126 51 146
126 54 82
126 92 121
126 138 129
126 168 127
127 7 76
127 15 179
127 28 170
127 62 83
127 71 153
127 142 185
127 187 117
127 196 119
128 4 130
128 19 96
128 21 188
128 37 117
128 67 124
128 69 155
128 76 163
128 92 140
128 106 95
128 113 171
128 115 116
128 139 155
128 175 178
129 4 148
129 77 185
129 85 130
129 87 186
129 130 166
129 135 164
129 188 190
129 192 187
130 1 157
130 5 177
130 23 84
130 31 173
130 33 187
130 42 169
130 56 116
130 76 95
130 96 190
130 118 146
130 129 166
130 136 131
130 191 194
131 3 110
131 9 92
131 14 200
131 17 92
131 62 177
131 72 151
131 77 165
131 82 195
131 87 165
131 170 133
131 185 138
132 21 175
132 26 186
132 32 142
132 33 172
132 40 198
132 47 160
132 50 103
132 55 118
132 60 86
132 72 81
132 92 128
132 93 110
132 156 177
132 164 108
133 50 96
133 60 125
133 94 106
133 116 95
133 122 120
133 159 108
133 188 75
134 18 179
134 45 196
134 65 101
134 85 164
134 98 107
134 100 176
134 170 108
135 24 126
135 28 178
135 59 196
135 65 110
135 112 155
135 129 164
135 147 84
135 161 87
135 195 75
136 36 138
136 47 124
136 86 75
136 93 172
136 105 92
136 115 111
136 130 131
136 139 162
136 142 102
136 152 113
136 161 190
136 169 101
136 179 170
136 181 126
136 193 149
136 198 172
137 1 191
137 50 148
137 53 86
137 93 120
138 51 127
138 126 129
138 140 133
138 146 75
138 153 155
139 65 200
139 90 129
139 105 198
139 107 147
139 128 155
139 136 162
140 15 93
140 21 134
140 27 139
140 37 117
140 43 192
140 50 194
140 73 82
140 138 133
140 153 184
140 171 136
140 183 144
141 8 127
141 38 82
141 39 115
141 44 76
141 47 96
141 49 147
141 54 156
141 60 78
141 63 90
141 66 154
141 99 138
141 147 114
141 156 109
141 167 171
141 191 145
141 192 169
141 198 148
142 17 142
142 22 169
142 31 166
142 40 142
142 49 176
142 69 150
142 78 108
142 83 98
142 99 120
142 119 156
142 127 185
142 136 102
142 145 100
142 149 177
142 167 193
142 185 121
143 14 153
143 21 157
143 28 139
143 53 98
143 69 174
143 90 167
143 92 85
143 95 118
143 106 108
143 146 152
144 3 155
144 31 121
144 52 95
144 64 125
144 66 107
144 152 186
144 160 151
145 51 116
145 55 103
145 99 119
145 103 185
145 120 198
145 142 100
145 153 154
145 160 188
145 163 80
145 185 133
145 191 168
146 18 168
146 28 186
146 50 91
146 73 133
146 74 76
146 138 75
146 143 152
146 160 159
146 186 169
147 7 163
147 15 179
147 31 130
147 42 135
147 73 189
147 78 101
147 81 89
147 85 174
147 90 126
147 91 97
147 135 84
147 141 114
147 160 132
148 21 103
148 74 80
148 80 162
148 85 169
148 174 172
149 47 180
149 49 138
149 60 96
149 89 179
149 142 177
149 176 189
150 10 148
150 62 137
150 75 183
150 79 150
150 88 198
150 156 135
150 181 108
151 5 81
151 37 108
151 38 85
151 42 85
151 44 126
151 53 153
151 71 103
151 74 173
151 83 164
151 109 147
151 158 173
152 29 135
152 72 176
152 112 85
152 136 113
152 144 186
152 153 148
152 162 78
153 21 143
153 39 194
153 95 141
153 98 168
153 110 136
153 118 144
153 138 155
153 140 184
153 145 154
153 152 148
153 195 192
154 9 117
154 30 177
154 59 94
154 66 108
154 80 159
154 92 101
154 99 159
154 190 139
155 64 106
155 94 163
155 102 196
156 35 128
156 82 163
156 108 146
156 116 155
156 117 78
156 132 177
156 141 109
156 150 135
156 163 120
156 197 166
157 14 126
157 18 148
157 44 183
157 61 198
157 63 195
157 81 166
157 99 182
158 34 110
158 75 140
158 76 125
158 81 103
158 151 173
158 185 200
159 4 80
159 14 200
159 18 144
159 37 127
159 54 137
159 57 138
159 69 176
159 101 121
159 133 108
159 173 121
159 176 140
159 181 179
159 187 81
160 11 95
160 15 151
160 45 181
160 69 112
160 72 137
160 83 102
160 93 178
160 95 158
160 100 125
160 107 122
160 123 192
160 144 151
160 145 188
160 146 159
160 147 132
160 161 101
160 163 166
160 167 136
161 12 138
161 52 132
161 62 88
161 76 150
161 107 102
161 112 84
161 123 160
161 135 87
161 136 190
161 160 101
161 165 101
161 178 122
162 5 193
162 6 123
162 73 130
162 77 139
162 89 80
162 93 197
162 152 78
163 12 136
163 22 125
163 34 93
163 44 117
163 57 83
163 76 137
163 81 108
163 111 190
163 145 80
163 156 120
163 160 166
164 42 137
164 67 108
164 76 146
164 103 77
164 105 176
164 117 191
164 132 108
164 166 118
164 181 113
164 194 136
165 54 85
165 61 162
165 82 127
165 83 193
165 103 155
165 105 127
165 115 125
165 122 80
165 161 101
165 173 81
165 197 100
166 17 186
166 27 110
166 30 111
166 44 142
166 47 168
166 98 118
166 111 151
166 113 93
166 164 118
166 174 190
166 177 191
166 182 143
167 48 151
167 65 127
167 83 191
167 98 115
167 99 132
167 141 171
167 142 193
167 160 136
167 194 150
168 13 147
168 19 192
168 76 158
168 112 120
168 126 127
168 174 177
169 1 119
169 7 187
169 14 147
169 48 179
169 78 177
169 136 101
169 183 84
169 184 122
169 199 182
170 2 165
170 10 173
170 15 103
170 32 172
170 56 102
170 94 95
170 120 120
170 131 133
170 134 108
171 2 89
171 23 145
171 74 115
171 140 136
172 15 100
172 84 102
172 86 167
172 89 166
172 105 76
172 107 89
172 176 200
172 181 89
172 182 92
173 31 87
173 40 150
173 48 173
173 53 163
173 56 183
173 64 109
173 78 129
173 85 168
173 100 190
173 108 170
173 124 187
173 159 121
173 165 81
173 182 103
174 4 172
174 44 93
174 73 142
174 87 152
174 89 122
174 106 109
174 124 178
174 148 172
174 166 190
174 168 177
175 32 126
175 45 97
175 52 94
175 113 129
175 118 93
175 123 93
175 128 178
175 179 114
175 183 134
175 197 130
176 1 141
176 20 84
176 55 128
176 64 132
176 79 146
176 92 92
176 149 189
176 159 140
176 172 200
176 189 196
177 20 87
177 32 108
177 39 143
177 44 154
177 77 189
177 91 101
177 111 158
177 119 200
177 166 191
178 3 156
178 9 197
178 26 178
178 29 135
178 68 82
178 73 194
178 75 89
178 77 93
178 83 139
178 95 165
178 161 122
179 115 82
179 123 116
179 136 170
179 175 114
179 185 168
179 190 98
179 193 185
180 1 143
180 22 134
180 50 159
180 62 156
180 65 191
180 110 196
181 13 137
181 31 189
181 58 114
181 59 181
181 117 125
181 123 96
181 136 126
181 150 108
181 159 179
181 164 113
181 172 89
182 40 164
182 41 80
182 49 153
182 81 80
182 98 115
182 123 160
182 166 143
182 172 92
182 173 103
182 192 75
182 199 114
183 13 129
183 40 138
183 82 135
183 114 161
183 140 144
183 169 84
183 175 134
183 185 124
183 189 93
184 5 83
184 12 136
184 14 174
184 28 94
184 54 105
184 56 98
184 61 98
184 64 145
184 70 195
184 169 122
185 8 159
185 18 183
185 20 183
185 131 138
185 142 121
185 145 133
185 158 200
185 179 168
185 183 124
186 5 174
186 29 76
186 30 99
186 99 186
186 125 110
186 146 169
187 1 115
187 42 96
187 51 169
187 56 130
187 65 173
187 72 102
187 95 192
187 103 127
187 105 78
187 127 117
187 159 81
188 6 164
188 50 125
188 68 101
188 81 192
188 86 142
188 102 156
188 129 190
188 133 75
189 3 83
189 23 140
189 56 135
189 68 164
189 79 158
189 82 193
189 118 95
189 176 196
189 183 93
189 198 144
190 12 192
190 48 95
190 79 155
190 122 133
190 154 139
190 179 98
190 198 162
191 3 150
191 24 162
191 27 114
191 42 133
191 49 167
191 50 181
191 56 175
191 70 197
191 72 125
191 75 196
191 130 194
191 141 145
191 145 168
192 13 139
192 21 171
192 24 190
192 29 159
192 33 89
192 42 75
192 52 187
192 54 97
192 59 85
192 67 169
192 72 81
192 91 148
192 104 103
192 129 187
192 141 169
192 182 75
193 41 162
193 45 196
193 87 178
193 100 143
193 108 124
193 109 123
193 120 99
193 122 116
193 136 149
193 179 185
194 3 101
194 49 129
194 76 105
194 124 154
194 164 136
194 167 150
195 2 168
195 13 93
195 20 109
195 29 103
195 44 187
195 74 104
195 85 193
195 118 165
195 120 125
195 135 75
195 153 192
196 9 103
196 11 168
196 22 123
196 70 172
196 82 172
196 88 119
196 90 144
196 109 96
196 115 198
196 127 119
197 4 108
197 11 137
197 33 165
197 71 131
197 79 115
197 106 147
197 119 144
197 156 166
197 165 100
197 175 130
198 3 177
198 79 113
198 85 156
198 90 111
198 98 109
198 117 80
198 136 172
198 141 148
198 189 144
198 190 162
17 t 155
27 t 149
31 t 115
64 t 118
87 t 118
114 t 122
117 t 105
169 t 182
182 t 114
