s 14 101
s 39 139
s 68 197
s 86 129
s 150 124
s 167 143
s 181 167
1 5 116
1 73 166
1 85 151
1 87 155
1 95 105
1 101 175
1 102 152
1 108 133
1 129 157
1 135 141
1 136 166
1 159 187
1 165 111
2 4 195
2 11 185
2 29 175
2 46 162
2 58 118
2 95 157
2 116 155
2 168 152
2 191 180
2 196 145
3 31 109
3 33 167
3 36 121
3 82 122
3 92 103
3 115 124
3 124 164
3 140 126
3 173 175
3 198 161
4 2 195
4 31 113
4 92 131
4 145 109
4 167 118
4 169 107
4 184 133
4 190 130
5 1 116
5 8 165
5 9 198
5 25 153
5 29 164
5 89 182
5 105 149
5 112 120
5 141 120
5 171 185
5 182 197
6 39 175
6 91 192
6 96 120
6 101 161
6 125 136
6 165 170
6 195 138
7 44 196
7 49 152
7 58 172
7 80 104
7 82 144
7 153 151
7 170 128
7 188 109
8 5 165
8 36 121
8 48 127
8 63 143
8 68 170
8 139 188
8 172 146
9 5 198
9 17 147
9 20 200
9 32 104
9 56 152
9 60 170
9 100 130
9 121 179
9 122 150
9 132 174
9 156 169
9 160 154
9 174 186
9 187 187
10 106 141
10 131 184
10 135 105
10 146 119
10 175 108
10 190 144
11 2 185
11 77 116
11 95 127
11 141 153
11 142 114
11 159 149
11 176 179
11 178 150
12 46 175
12 68 119
12 107 193
12 113 190
12 116 134
12 118 191
12 130 122
12 153 197
12 157 103
12 168 171
12 187 168
12 197 121
13 41 178
13 83 146
13 89 186
13 107 182
13 113 144
13 162 180
13 163 195
13 164 177
13 178 122
14 18 143
14 22 135
14 23 170
14 33 120
14 43 177
14 86 103
14 152 157
14 180 135
14 184 170
15 127 110
15 198 103
16 37 146
16 45 158
16 56 179
16 65 147
16 102 152
16 178 197
17 9 147
17 25 141
17 32 116
17 47 150
17 57 165
17 79 174
17 93 150
17 114 125
17 133 175
17 143 158
17 148 104
17 152 138
17 187 183
17 196 178
18 14 143
18 44 192
18 45 161
18 139 110
18 166 187
18 186 124
18 193 172
19 30 121
19 58 157
19 68 118
19 72 164
19 74 102
19 95 161
19 108 196
19 110 105
19 123 108
19 129 127
19 137 115
19 143 123
19 166 143
19 170 125
19 181 156
19 183 145
20 9 200
20 42 130
20 45 116
20 69 148
20 140 141
20 166 111
20 179 180
20 184 176
20 193 169
21 26 167
21 61 129
21 71 175
21 72 148
21 96 154
21 104 127
21 109 167
21 112 115
21 119 143
21 134 139
21 172 130
22 14 135
22 46 184
22 51 155
22 80 177
22 108 123
22 122 112
22 127 135
22 152 105
22 189 190
23 14 170
23 58 162
23 77 178
23 104 139
23 145 126
23 168 122
23 179 133
23 183 161
23 198 175
24 48 123
24 50 195
24 58 154
24 127 141
24 164 152
24 184 149
24 197 161
25 5 153
25 17 141
25 32 198
25 39 168
25 41 101
25 48 182
25 57 170
25 73 178
25 77 173
25 107 193
25 125 127
25 146 186
25 148 167
25 170 107
25 188 135
26 21 167
26 35 142
26 74 172
26 101 123
26 111 188
26 144 116
26 165 109
26 175 132
27 46 106
27 57 173
27 61 180
27 81 197
27 86 143
27 101 143
27 134 188
27 150 118
27 164 150
27 168 171
27 187 137
28 48 141
28 49 108
28 81 103
28 94 192
28 110 153
28 116 152
28 120 121
28 148 179
28 154 181
29 2 175
29 5 164
29 47 170
29 88 150
29 93 132
29 126 183
29 140 150
29 148 132
29 163 114
29 186 136
29 189 144
29 198 176
30 19 121
30 46 119
30 55 122
30 64 131
30 77 196
30 81 161
30 88 138
30 170 114
30 173 130
30 177 150
31 3 109
31 4 113
31 102 149
31 117 161
31 129 104
31 143 131
31 159 163
31 168 131
31 172 100
31 181 142
32 9 104
32 17 116
32 25 198
32 42 198
32 91 171
32 177 149
32 193 173
32 198 110
33 3 167
33 14 120
33 36 171
33 57 118
33 59 147
33 67 167
33 76 147
33 80 161
33 89 112
33 118 115
33 128 115
33 130 197
33 160 190
33 169 114
34 41 142
34 53 157
34 54 137
34 114 149
34 116 147
34 133 142
34 145 185
34 165 160
34 166 106
34 169 138
35 26 142
35 79 171
35 87 103
35 93 129
35 105 101
35 118 158
35 142 135
35 144 158
35 145 138
35 159 157
35 162 163
35 174 163
35 186 142
35 191 116
35 192 182
36 3 121
36 8 121
36 33 171
36 43 115
36 45 141
36 55 179
36 61 146
36 62 177
36 65 105
36 97 140
36 117 147
36 119 109
36 133 160
36 155 156
36 174 116
37 16 146
37 42 167
37 73 148
37 100 186
37 109 135
37 118 107
37 135 190
37 137 176
37 175 172
37 177 169
37 179 134
37 180 143
37 190 101
38 47 130
38 51 141
38 52 105
38 63 117
38 95 177
38 99 191
38 106 142
38 116 120
38 129 153
38 153 154
38 186 177
39 6 175
39 25 168
39 63 182
39 86 125
39 97 181
39 103 164
39 115 103
39 137 154
39 160 196
39 171 113
40 46 188
40 59 108
40 71 197
40 95 124
40 127 192
40 144 112
40 155 119
40 164 137
40 165 156
40 195 190
40 199 180
41 13 178
41 25 101
41 34 142
41 43 135
41 51 157
41 74 143
41 96 161
41 139 129
41 164 119
41 171 104
42 20 130
42 32 198
42 37 167
42 50 128
42 60 180
42 161 175
42 172 193
43 14 177
43 36 115
43 41 135
43 47 116
43 92 145
43 102 192
43 106 154
43 111 196
43 121 153
43 127 153
43 141 176
43 151 132
43 187 138
44 7 196
44 18 192
44 61 173
44 70 144
44 116 184
44 159 141
44 166 183
44 192 105
45 16 158
45 18 161
45 20 116
45 36 141
45 64 154
45 70 140
45 99 117
45 116 199
45 120 133
45 124 175
45 162 200
45 176 140
46 2 162
46 12 175
46 22 184
46 27 106
46 30 119
46 40 188
46 78 115
46 80 164
46 84 151
46 86 112
46 96 191
46 105 195
46 121 116
46 171 107
47 17 150
47 29 170
47 38 130
47 43 116
47 85 134
47 191 168
48 8 127
48 24 123
48 25 182
48 28 141
48 56 149
48 76 105
48 85 104
48 87 133
48 136 180
48 144 150
48 159 158
48 171 192
48 172 184
49 7 152
49 28 108
49 54 147
49 64 136
49 165 173
49 187 185
50 24 195
50 42 128
50 59 195
50 79 153
50 82 130
50 100 133
50 110 195
50 118 124
50 140 200
50 185 185
51 22 155
51 38 141
51 41 157
51 60 169
51 109 122
51 143 141
51 146 101
51 153 164
51 166 165
51 167 180
51 182 108
51 187 169
51 195 166
52 38 105
52 62 114
52 84 195
52 85 104
52 128 111
52 159 163
53 34 157
53 54 128
53 81 176
53 84 162
53 85 179
53 89 197
53 90 128
53 95 148
53 127 141
53 149 166
53 168 130
53 170 173
53 186 104
53 197 156
54 34 137
54 49 147
54 53 128
54 58 117
54 60 159
54 80 132
54 101 197
54 116 127
54 117 161
54 129 156
54 130 179
54 152 191
54 167 158
54 182 106
55 30 122
55 36 179
55 75 172
55 98 181
55 123 151
55 137 101
55 172 130
55 174 118
55 177 134
55 192 166
56 9 152
56 16 179
56 48 149
56 69 125
56 93 130
56 126 100
56 127 125
56 133 139
56 134 175
56 140 119
56 151 125
56 162 109
56 177 142
56 188 119
56 197 131
57 17 165
57 25 170
57 27 173
57 33 118
57 68 166
57 125 188
57 137 116
57 164 153
57 171 134
57 178 125
57 192 171
58 2 118
58 7 172
58 19 157
58 23 162
58 24 154
58 54 117
58 122 168
58 123 174
58 167 141
59 33 147
59 40 108
59 50 195
59 94 172
59 125 154
59 134 127
59 149 198
59 158 157
59 182 145
60 9 170
60 42 180
60 51 169
60 54 159
60 170 196
60 196 165
61 21 129
61 27 180
61 36 146
61 44 173
61 167 187
62 36 177
62 52 114
62 67 113
62 77 102
62 78 156
62 79 193
62 87 169
62 90 195
62 92 162
62 123 114
62 129 172
62 132 131
62 152 133
62 153 102
62 180 126
63 8 143
63 38 117
63 39 182
63 65 133
63 77 148
63 84 150
63 92 188
63 104 123
63 115 122
63 130 173
63 174 197
63 185 174
63 194 153
63 198 196
64 30 131
64 45 154
64 49 136
64 108 145
64 119 171
64 141 172
64 157 190
64 178 139
64 194 142
65 16 147
65 36 105
65 63 133
65 73 142
65 83 140
65 106 116
65 110 150
65 119 170
65 150 151
65 151 122
66 84 111
66 91 194
66 111 151
66 127 196
67 33 167
67 62 113
67 90 172
67 113 160
67 130 130
67 152 113
67 170 161
68 8 170
68 12 119
68 19 118
68 57 166
68 74 191
68 122 113
68 124 170
68 143 141
68 161 110
68 181 123
69 20 148
69 56 125
69 72 191
69 102 124
69 112 140
69 146 149
69 182 196
70 44 144
70 45 140
70 73 148
70 98 184
70 129 143
70 130 153
70 165 114
70 181 127
70 189 170
71 21 175
71 40 197
71 72 169
71 91 161
71 134 106
71 152 124
71 157 130
71 159 146
71 197 184
72 19 164
72 21 148
72 69 191
72 71 169
72 84 152
72 90 148
72 152 100
73 1 166
73 25 178
73 37 148
73 65 142
73 70 148
73 81 161
73 85 131
73 117 164
73 124 123
73 125 165
73 135 120
73 166 104
74 19 102
74 26 172
74 41 143
74 68 191
74 95 130
74 99 164
74 134 197
74 137 146
74 174 182
75 55 172
75 78 156
75 80 161
75 87 124
75 92 152
75 97 160
75 103 141
75 113 179
75 144 179
75 155 157
75 175 104
76 33 147
76 48 105
76 118 134
76 124 142
76 137 119
76 160 130
76 178 196
76 186 110
77 11 116
77 23 178
77 25 173
77 30 196
77 62 102
77 63 148
77 83 144
77 97 199
77 103 107
77 152 178
77 185 177
78 46 115
78 62 156
78 75 156
78 86 188
78 106 199
78 111 122
78 157 108
78 181 151
78 198 188
79 17 174
79 35 171
79 50 153
79 62 193
79 107 187
79 108 151
79 121 142
79 129 190
79 131 130
79 132 165
79 140 135
79 145 192
80 7 104
80 22 177
80 33 161
80 46 164
80 54 132
80 75 161
80 82 130
80 85 200
80 94 148
80 96 146
80 99 171
80 119 196
80 121 113
80 137 181
80 141 102
80 174 157
80 185 152
80 192 117
81 27 197
81 28 103
81 30 161
81 53 176
81 73 161
81 93 189
81 94 182
81 114 113
81 123 178
81 125 180
81 167 191
82 3 122
82 7 144
82 50 130
82 80 130
82 93 157
82 111 197
82 114 173
82 139 126
82 145 159
82 146 183
82 157 135
82 197 157
83 13 146
83 65 140
83 77 144
83 100 166
83 149 182
83 152 162
83 190 142
83 199 134
84 46 151
84 52 195
84 53 162
84 63 150
84 66 111
84 72 152
84 104 135
84 112 128
84 115 137
84 132 174
84 155 145
84 190 152
85 1 151
85 47 134
85 48 104
85 52 104
85 53 179
85 73 131
85 80 200
85 87 163
85 133 158
85 147 108
85 157 151
86 14 103
86 27 143
86 39 125
86 46 112
86 78 188
86 133 181
87 1 155
87 35 103
87 48 133
87 62 169
87 75 124
87 85 163
87 124 137
87 152 176
87 168 106
87 174 128
88 29 150
88 30 138
88 99 119
88 121 171
88 133 140
88 145 122
88 170 159
88 188 196
89 5 182
89 13 186
89 33 112
89 53 197
89 110 166
89 116 180
89 133 141
89 159 166
89 161 198
89 172 113
89 196 176
90 53 128
90 62 195
90 67 172
90 72 148
90 125 199
90 126 172
90 135 150
90 161 150
90 172 157
90 182 108
90 183 135
91 6 192
91 32 171
91 66 194
91 71 161
91 121 174
91 129 173
91 155 186
92 3 103
92 4 131
92 43 145
92 62 162
92 63 188
92 75 152
92 110 154
92 149 119
92 190 134
92 198 169
93 17 150
93 29 132
93 35 129
93 56 130
93 81 189
93 82 157
93 114 153
93 133 177
93 188 117
94 28 192
94 59 172
94 80 148
94 81 182
94 102 148
94 124 139
94 140 125
94 167 119
94 174 150
95 1 105
95 2 157
95 11 127
95 19 161
95 38 177
95 40 124
95 53 148
95 74 130
95 102 156
95 109 197
95 126 101
95 133 104
95 157 118
95 161 156
95 186 174
96 6 120
96 21 154
96 41 161
96 46 191
96 80 146
96 130 187
96 140 197
96 146 129
96 155 163
97 36 140
97 39 181
97 75 160
97 77 199
97 99 198
97 116 132
97 139 138
97 160 200
98 55 181
98 70 184
98 113 106
98 115 159
98 139 186
98 176 135
98 191 168
99 38 191
99 45 117
99 74 164
99 80 171
99 88 119
99 97 198
99 105 163
99 111 123
99 117 155
99 164 104
100 9 130
100 37 186
100 50 133
100 83 166
100 103 166
100 170 115
100 173 187
101 1 175
101 6 161
101 26 123
101 27 143
101 54 197
101 121 175
101 146 154
101 162 130
101 167 136
101 191 141
101 196 128
102 1 152
102 16 152
102 31 149
102 43 192
102 69 124
102 94 148
102 95 156
102 107 110
102 112 108
102 149 177
102 161 142
102 195 162
103 39 164
103 75 141
103 77 107
103 100 166
103 129 156
103 162 181
103 175 187
103 199 183
104 21 127
104 23 139
104 63 123
104 84 135
104 151 111
104 152 139
104 168 133
104 183 158
104 188 101
105 5 149
105 35 101
105 46 195
105 99 163
105 126 177
105 133 151
105 138 196
105 139 138
105 163 152
105 169 104
106 10 141
106 38 142
106 43 154
106 65 116
106 78 199
106 112 134
106 131 143
106 147 185
106 151 157
106 168 112
106 173 111
106 182 129
106 185 189
107 12 193
107 13 182
107 25 193
107 79 187
107 102 110
107 115 171
107 120 189
107 138 123
107 146 122
107 177 193
107 199 158
108 1 133
108 19 196
108 22 123
108 64 145
108 79 151
108 110 106
108 124 135
108 126 138
108 155 171
109 21 167
109 37 135
109 51 122
109 95 197
109 125 124
109 136 161
109 155 107
109 185 112
110 19 105
110 28 153
110 50 195
110 65 150
110 89 166
110 92 154
110 108 106
110 128 115
110 160 190
110 178 200
111 26 188
111 43 196
111 66 151
111 78 122
111 82 197
111 99 123
111 115 189
111 119 138
111 129 144
111 131 127
111 155 114
111 161 194
111 192 128
112 5 120
112 21 115
112 69 140
112 84 128
112 102 108
112 106 134
112 124 198
112 132 194
112 154 108
112 187 140
113 12 190
113 13 144
113 67 160
113 75 179
113 98 106
113 123 118
113 126 100
113 130 163
113 144 118
113 146 120
113 174 103
113 199 197
114 17 125
114 34 149
114 81 113
114 82 173
114 93 153
114 120 152
114 121 162
114 128 141
114 134 145
114 139 149
114 178 121
115 3 124
115 39 103
115 63 122
115 84 137
115 98 159
115 107 171
115 111 189
115 123 134
115 134 111
115 145 115
115 146 141
115 180 191
116 2 155
116 12 134
116 28 152
116 34 147
116 38 120
116 44 184
116 45 199
116 54 127
116 89 180
116 97 132
116 139 192
116 149 121
116 161 130
116 184 177
116 185 148
116 192 130
116 194 105
117 31 161
117 36 147
117 54 161
117 73 164
117 99 155
117 151 123
117 181 198
118 12 191
118 33 115
118 35 158
118 37 107
118 50 124
118 76 134
118 174 110
119 21 143
119 36 109
119 64 171
119 65 170
119 80 196
119 111 138
119 126 163
119 136 188
119 161 170
119 188 129
120 28 121
120 45 133
120 107 189
120 114 152
120 127 193
120 144 118
120 156 104
120 176 158
120 189 164
120 194 188
121 9 179
121 43 153
121 46 116
121 79 142
121 80 113
121 88 171
121 91 174
121 101 175
121 114 162
121 135 146
121 153 170
121 159 109
121 178 196
122 9 150
122 22 112
122 58 168
122 68 113
122 137 115
122 173 172
122 199 115
123 19 108
123 55 151
123 58 174
123 62 114
123 81 178
123 113 118
123 115 134
123 138 132
123 139 131
123 176 196
124 3 164
124 45 175
124 68 170
124 73 123
124 76 142
124 87 137
124 94 139
124 108 135
124 112 198
124 138 174
124 155 173
124 162 121
125 6 136
125 25 127
125 57 188
125 59 154
125 73 165
125 81 180
125 90 199
125 109 124
125 147 113
125 196 198
126 29 183
126 56 100
126 90 172
126 95 101
126 105 177
126 108 138
126 113 100
126 119 163
126 127 188
126 136 144
126 147 110
126 148 127
126 194 110
127 15 110
127 22 135
127 24 141
127 40 192
127 43 153
127 53 141
127 56 125
127 66 196
127 120 193
127 126 188
127 132 162
128 33 115
128 52 111
128 110 115
128 114 141
128 131 106
129 1 157
129 19 127
129 31 104
129 38 153
129 54 156
129 62 172
129 70 143
129 79 190
129 91 173
129 103 156
129 111 144
130 12 122
130 33 197
130 54 179
130 63 173
130 67 130
130 70 153
130 96 187
130 113 163
130 152 165
130 176 125
130 192 200
131 10 184
131 79 130
131 106 143
131 111 127
131 128 106
131 142 126
131 145 154
131 158 120
131 182 108
132 9 174
132 62 131
132 79 165
132 84 174
132 112 194
132 127 162
133 17 175
133 34 142
133 36 160
133 56 139
133 85 158
133 86 181
133 88 140
133 89 141
133 93 177
133 95 104
133 105 151
133 142 112
133 160 137
133 197 132
134 21 139
134 27 188
134 56 175
134 59 127
134 71 106
134 74 197
134 114 145
134 115 111
134 164 136
134 183 114
134 189 122
134 191 186
135 1 141
135 10 105
135 37 190
135 73 120
135 90 150
135 121 146
135 145 133
135 199 132
136 1 166
136 48 180
136 109 161
136 119 188
136 126 144
136 157 121
137 19 115
137 37 176
137 39 154
137 55 101
137 57 116
137 74 146
137 76 119
137 80 181
137 122 115
137 143 178
137 161 109
137 166 135
138 105 196
138 107 123
138 123 132
138 124 174
138 156 124
139 8 188
139 18 110
139 41 129
139 82 126
139 97 138
139 98 186
139 105 138
139 114 149
139 116 192
139 123 131
139 152 115
139 158 136
139 171 175
139 176 100
140 3 126
140 20 141
140 29 150
140 50 200
140 56 119
140 79 135
140 94 125
140 96 197
140 169 189
141 5 120
141 11 153
141 43 176
141 64 172
141 80 102
141 144 171
142 11 114
142 35 135
142 131 126
142 133 112
142 178 166
142 184 152
142 190 147
143 17 158
143 19 123
143 31 131
143 51 141
143 68 141
143 137 178
143 168 183
144 26 116
144 35 158
144 40 112
144 48 150
144 75 179
144 113 118
144 120 118
144 141 171
144 165 152
145 4 109
145 23 126
145 34 185
145 35 138
145 79 192
145 82 159
145 88 122
145 115 115
145 131 154
145 135 133
145 146 167
145 156 153
145 180 145
146 10 119
146 25 186
146 51 101
146 69 149
146 82 183
146 96 129
146 101 154
146 107 122
146 113 120
146 115 141
146 145 167
146 153 138
147 85 108
147 106 185
147 125 113
147 126 110
147 156 154
147 178 134
147 185 116
148 17 104
148 25 167
148 28 179
148 29 132
148 126 127
148 152 129
148 156 119
148 177 140
149 53 166
149 59 198
149 83 182
149 92 119
149 102 177
149 116 121
149 155 127
150 27 118
150 65 151
150 159 129
150 161 147
150 164 112
150 166 101
151 43 132
151 56 125
151 65 122
151 104 111
151 106 157
151 117 123
151 153 132
151 173 104
152 14 157
152 17 138
152 22 105
152 54 191
152 62 133
152 67 113
152 71 124
152 72 100
152 77 178
152 83 162
152 87 176
152 104 139
152 130 165
152 139 115
152 148 129
152 169 158
152 192 105
153 7 151
153 12 197
153 38 154
153 51 164
153 62 102
153 121 170
153 146 138
153 151 132
153 161 126
153 188 128
154 28 181
154 112 108
154 165 109
155 36 156
155 40 119
155 75 157
155 84 145
155 91 186
155 96 163
155 108 171
155 109 107
155 111 114
155 124 173
155 149 127
155 166 189
155 170 161
156 9 169
156 120 104
156 138 124
156 145 153
156 147 154
156 148 119
156 161 141
156 197 162
157 12 103
157 64 190
157 71 130
157 78 108
157 82 135
157 85 151
157 95 118
157 136 121
157 169 160
157 180 128
157 198 140
158 59 157
158 131 120
158 139 136
158 160 200
158 188 119
159 1 187
159 11 149
159 31 163
159 35 157
159 44 141
159 48 158
159 52 163
159 71 146
159 89 166
159 121 109
159 150 129
159 185 109
160 9 154
160 33 190
160 39 196
160 76 130
160 97 200
160 110 190
160 133 137
160 158 200
160 169 123
160 177 169
160 189 182
160 191 135
161 42 175
161 68 110
161 89 198
161 90 150
161 95 156
161 102 142
161 111 194
161 116 130
161 119 170
161 137 109
161 150 147
161 153 126
161 156 141
161 193 182
162 13 180
162 35 163
162 45 200
162 56 109
162 101 130
162 103 181
162 124 121
163 13 195
163 29 114
163 105 152
164 13 177
164 24 152
164 27 150
164 40 137
164 41 119
164 57 153
164 99 104
164 134 136
164 150 112
164 168 162
165 1 111
165 6 170
165 26 109
165 34 160
165 40 156
165 49 173
165 70 114
165 144 152
165 154 109
165 186 117
166 18 187
166 19 143
166 20 111
166 34 106
166 44 183
166 51 165
166 73 104
166 137 135
166 150 101
166 155 189
166 168 115
166 175 160
167 4 118
167 51 180
167 54 158
167 58 141
167 61 187
167 81 191
167 94 119
167 101 136
167 169 198
168 2 152
168 12 171
168 23 122
168 27 171
168 31 131
168 53 130
168 87 106
168 104 133
168 106 112
168 143 183
168 164 162
168 166 115
169 4 107
169 33 114
169 34 138
169 105 104
169 140 189
169 152 158
169 157 160
169 160 123
169 167 198
169 176 125
170 7 128
170 19 125
170 25 107
170 30 114
170 53 173
170 60 196
170 67 161
170 88 159
170 100 115
170 155 161
170 178 153
171 5 185
171 39 113
171 41 104
171 46 107
171 48 192
171 57 134
171 139 175
171 185 165
172 8 146
172 21 130
172 31 100
172 42 193
172 48 184
172 55 130
172 89 113
172 90 157
173 3 175
173 30 130
173 100 187
173 106 111
173 122 172
173 151 104
173 187 127
174 9 186
174 35 163
174 36 116
174 55 118
174 63 197
174 74 182
174 80 157
174 87 128
174 94 150
174 113 103
174 118 110
174 178 148
174 182 125
174 188 150
175 10 108
175 26 132
175 37 172
175 75 104
175 103 187
175 166 160
176 11 179
176 45 140
176 98 135
176 120 158
176 123 196
176 130 125
176 139 100
176 169 125
176 199 155
177 30 150
177 32 149
177 37 169
177 55 134
177 56 142
177 107 193
177 148 140
177 160 169
177 199 172
178 11 150
178 13 122
178 16 197
178 57 125
178 64 139
178 76 196
178 110 200
178 114 121
178 121 196
178 142 166
178 147 134
178 170 153
178 174 148
178 193 182
179 20 180
179 23 133
179 37 134
179 182 145
179 192 177
179 196 110
179 197 153
180 14 135
180 37 143
180 62 126
180 115 191
180 145 145
180 157 128
180 197 127
180 199 171
181 19 156
181 31 142
181 68 123
181 70 127
181 78 151
181 117 198
182 5 197
182 51 108
182 54 106
182 59 145
182 69 196
182 90 108
182 106 129
182 131 108
182 174 125
182 179 145
182 186 136
183 19 145
183 23 161
183 90 135
183 104 158
183 134 114
183 198 200
184 4 133
184 14 170
184 20 176
184 24 149
184 116 177
184 142 152
185 50 185
185 63 174
185 77 177
185 80 152
185 106 189
185 109 112
185 116 148
185 147 116
185 159 109
185 171 165
185 192 145
185 199 136
186 18 124
186 29 136
186 35 142
186 38 177
186 53 104
186 76 110
186 95 174
186 165 117
186 182 136
186 192 140
187 9 187
187 12 168
187 17 183
187 27 137
187 43 138
187 49 185
187 51 169
187 112 140
187 173 127
187 193 113
188 7 109
188 25 135
188 56 119
188 88 196
188 93 117
188 104 101
188 119 129
188 153 128
188 158 119
188 174 150
189 22 190
189 29 144
189 70 170
189 120 164
189 134 122
189 160 182
190 4 130
190 10 144
190 37 101
190 83 142
190 84 152
190 92 134
190 142 147
191 2 180
191 35 116
191 47 168
191 98 168
191 101 141
191 134 186
191 160 135
191 193 119
191 196 197
192 35 182
192 44 105
192 55 166
192 57 171
192 80 117
192 111 128
192 116 130
192 130 200
192 152 105
192 179 177
192 185 145
192 186 140
193 18 172
193 20 169
193 32 173
193 161 182
193 178 182
193 187 113
193 191 119
193 195 173
194 63 153
194 64 142
194 116 105
194 120 188
194 126 110
195 6 138
195 40 190
195 51 166
195 102 162
195 193 173
196 2 145
196 17 178
196 60 165
196 89 176
196 101 128
196 125 198
196 179 110
196 191 197
197 12 121
197 24 161
197 53 156
197 56 131
197 71 184
197 82 157
197 133 132
197 156 162
197 179 153
197 180 127
198 3 161
198 15 103
198 23 175
198 29 176
198 32 110
198 63 196
198 78 188
198 92 169
198 157 140
198 183 200
40 t 180
83 t 134
103 t 183
107 t 158
113 t 197
122 t 115
135 t 132
176 t 155
177 t 172
180 t 171
185 t 136
