s (1,1) 105
s (2,1) 185
s (3,1) 115
s (4,1) 170
s (5,1) 200
s (6,1) 151
s (7,1) 168
s (8,1) 66
s (9,1) 91
s (10,1) 178
s (11,1) 65
s (12,1) 9
s (13,1) 146
s (14,1) 32
s (15,1) 197
s (16,1) 186
s (17,1) 53
s (18,1) 117
s (19,1) 150
s (20,1) 35
s (21,1) 167
s (22,1) 107
s (23,1) 163
s (24,1) 180
s (25,1) 61
(1,1) (1,2) 98
(2,1) (2,2) 27
(3,1) (3,2) 161
(4,1) (4,2) 104
(5,1) (5,2) 197
(6,1) (6,2) 117
(7,1) (7,2) 173
(8,1) (8,2) 21
(9,1) (9,2) 3
(10,1) (10,2) 13
(11,1) (11,2) 101
(12,1) (12,2) 158
(13,1) (13,2) 55
(14,1) (14,2) 1
(15,1) (15,2) 142
(16,1) (16,2) 122
(17,1) (17,2) 133
(18,1) (18,2) 129
(19,1) (19,2) 148
(20,1) (20,2) 87
(21,1) (21,2) 88
(22,1) (22,2) 21
(23,1) (23,2) 8
(24,1) (24,2) 80
(25,1) (25,2) 141
(1,2) (1,3) 120
(2,2) (2,3) 76
(3,2) (3,3) 81
(4,2) (4,3) 46
(5,2) (5,3) 162
(6,2) (6,3) 55
(7,2) (7,3) 87
(8,2) (8,3) 132
(9,2) (9,3) 12
(10,2) (10,3) 200
(11,2) (11,3) 157
(12,2) (12,3) 36
(13,2) (13,3) 132
(14,2) (14,3) 176
(15,2) (15,3) 113
(16,2) (16,3) 4
(17,2) (17,3) 57
(18,2) (18,3) 73
(19,2) (19,3) 156
(20,2) (20,3) 27
(21,2) (21,3) 176
(22,2) (22,3) 188
(23,2) (23,3) 152
(24,2) (24,3) 74
(25,2) (25,3) 124
(1,3) (1,4) 148
(2,3) (2,4) 77
(3,3) (3,4) 67
(4,3) (4,4) 189
(5,3) (5,4) 165
(6,3) (6,4) 140
(7,3) (7,4) 188
(8,3) (8,4) 31
(9,3) (9,4) 64
(10,3) (10,4) 61
(11,3) (11,4) 200
(12,3) (12,4) 195
(13,3) (13,4) 198
(14,3) (14,4) 155
(15,3) (15,4) 98
(16,3) (16,4) 114
(17,3) (17,4) 142
(18,3) (18,4) 36
(19,3) (19,4) 167
(20,3) (20,4) 62
(21,3) (21,4) 109
(22,3) (22,4) 159
(23,3) (23,4) 199
(24,3) (24,4) 91
(25,3) (25,4) 97
(1,4) (1,5) 182
(2,4) (2,5) 144
(3,4) (3,5) 178
(4,4) (4,5) 186
(5,4) (5,5) 19
(6,4) (6,5) 127
(7,4) (7,5) 199
(8,4) (8,5) 54
(9,4) (9,5) 55
(10,4) (10,5) 115
(11,4) (11,5) 64
(12,4) (12,5) 135
(13,4) (13,5) 5
(14,4) (14,5) 168
(15,4) (15,5) 54
(16,4) (16,5) 106
(17,4) (17,5) 150
(18,4) (18,5) 117
(19,4) (19,5) 8
(20,4) (20,5) 87
(21,4) (21,5) 157
(22,4) (22,5) 187
(23,4) (23,5) 34
(24,4) (24,5) 144
(25,4) (25,5) 178
(1,5) (1,6) 10
(2,5) (2,6) 93
(3,5) (3,6) 193
(4,5) (4,6) 164
(5,5) (5,6) 1
(6,5) (6,6) 104
(7,5) (7,6) 26
(8,5) (8,6) 71
(9,5) (9,6) 137
(10,5) (10,6) 188
(11,5) (11,6) 123
(12,5) (12,6) 158
(13,5) (13,6) 200
(14,5) (14,6) 77
(15,5) (15,6) 109
(16,5) (16,6) 66
(17,5) (17,6) 13
(18,5) (18,6) 172
(19,5) (19,6) 145
(20,5) (20,6) 152
(21,5) (21,6) 20
(22,5) (22,6) 1
(23,5) (23,6) 143
(24,5) (24,6) 144
(25,5) (25,6) 176
(1,6) (1,7) 142
(2,6) (2,7) 45
(3,6) (3,7) 161
(4,6) (4,7) 96
(5,6) (5,7) 199
(6,6) (6,7) 82
(7,6) (7,7) 75
(8,6) (8,7) 152
(9,6) (9,7) 150
(10,6) (10,7) 14
(11,6) (11,7) 37
(12,6) (12,7) 13
(13,6) (13,7) 98
(14,6) (14,7) 112
(15,6) (15,7) 28
(16,6) (16,7) 76
(17,6) (17,7) 167
(18,6) (18,7) 3
(19,6) (19,7) 149
(20,6) (20,7) 7
(21,6) (21,7) 26
(22,6) (22,7) 110
(23,6) (23,7) 185
(24,6) (24,7) 117
(25,6) (25,7) 11
(1,7) (1,8) 79
(2,7) (2,8) 95
(3,7) (3,8) 181
(4,7) (4,8) 52
(5,7) (5,8) 51
(6,7) (6,8) 184
(7,7) (7,8) 103
(8,7) (8,8) 137
(9,7) (9,8) 100
(10,7) (10,8) 44
(11,7) (11,8) 23
(12,7) (12,8) 45
(13,7) (13,8) 128
(14,7) (14,8) 170
(15,7) (15,8) 103
(16,7) (16,8) 188
(17,7) (17,8) 1
(18,7) (18,8) 20
(19,7) (19,8) 80
(20,7) (20,8) 8
(21,7) (21,8) 95
(22,7) (22,8) 33
(23,7) (23,8) 20
(24,7) (24,8) 146
(25,7) (25,8) 174
(1,8) (1,9) 179
(2,8) (2,9) 43
(3,8) (3,9) 154
(4,8) (4,9) 109
(5,8) (5,9) 41
(6,8) (6,9) 191
(7,8) (7,9) 178
(8,8) (8,9) 61
(9,8) (9,9) 128
(10,8) (10,9) 110
(11,8) (11,9) 44
(12,8) (12,9) 161
(13,8) (13,9) 82
(14,8) (14,9) 165
(15,8) (15,9) 196
(16,8) (16,9) 192
(17,8) (17,9) 192
(18,8) (18,9) 12
(19,8) (19,9) 161
(20,8) (20,9) 93
(21,8) (21,9) 195
(22,8) (22,9) 73
(23,8) (23,9) 84
(24,8) (24,9) 151
(25,8) (25,9) 158
(1,9) (1,10) 196
(2,9) (2,10) 59
(3,9) (3,10) 82
(4,9) (4,10) 56
(5,9) (5,10) 4
(6,9) (6,10) 168
(7,9) (7,10) 41
(8,9) (8,10) 110
(9,9) (9,10) 181
(10,9) (10,10) 49
(11,9) (11,10) 189
(12,9) (12,10) 45
(13,9) (13,10) 167
(14,9) (14,10) 53
(15,9) (15,10) 135
(16,9) (16,10) 173
(17,9) (17,10) 116
(18,9) (18,10) 196
(19,9) (19,10) 62
(20,9) (20,10) 177
(21,9) (21,10) 197
(22,9) (22,10) 125
(23,9) (23,10) 54
(24,9) (24,10) 162
(25,9) (25,10) 185
(1,10) (1,11) 5
(2,10) (2,11) 13
(3,10) (3,11) 115
(4,10) (4,11) 4
(5,10) (5,11) 43
(6,10) (6,11) 139
(7,10) (7,11) 24
(8,10) (8,11) 128
(9,10) (9,11) 57
(10,10) (10,11) 157
(11,10) (11,11) 160
(12,10) (12,11) 98
(13,10) (13,11) 84
(14,10) (14,11) 54
(15,10) (15,11) 73
(16,10) (16,11) 139
(17,10) (17,11) 140
(18,10) (18,11) 75
(19,10) (19,11) 130
(20,10) (20,11) 89
(21,10) (21,11) 191
(22,10) (22,11) 17
(23,10) (23,11) 84
(24,10) (24,11) 50
(25,10) (25,11) 81
(1,11) (1,12) 22
(2,11) (2,12) 89
(3,11) (3,12) 141
(4,11) (4,12) 86
(5,11) (5,12) 152
(6,11) (6,12) 71
(7,11) (7,12) 61
(8,11) (8,12) 95
(9,11) (9,12) 94
(10,11) (10,12) 198
(11,11) (11,12) 194
(12,11) (12,12) 171
(13,11) (13,12) 81
(14,11) (14,12) 172
(15,11) (15,12) 93
(16,11) (16,12) 5
(17,11) (17,12) 46
(18,11) (18,12) 59
(19,11) (19,12) 184
(20,11) (20,12) 27
(21,11) (21,12) 179
(22,11) (22,12) 48
(23,11) (23,12) 161
(24,11) (24,12) 14
(25,11) (25,12) 131
(1,12) (1,13) 180
(2,12) (2,13) 185
(3,12) (3,13) 37
(4,12) (4,13) 88
(5,12) (5,13) 63
(6,12) (6,13) 92
(7,12) (7,13) 21
(8,12) (8,13) 188
(9,12) (9,13) 160
(10,12) (10,13) 95
(11,12) (11,13) 84
(12,12) (12,13) 52
(13,12) (13,13) 113
(14,12) (14,13) 145
(15,12) (15,13) 171
(16,12) (16,13) 66
(17,12) (17,13) 31
(18,12) (18,13) 176
(19,12) (19,13) 88
(20,12) (20,13) 53
(21,12) (21,13) 8
(22,12) (22,13) 193
(23,12) (23,13) 35
(24,12) (24,13) 87
(25,12) (25,13) 173
(1,13) (1,14) 124
(2,13) (2,14) 105
(3,13) (3,14) 187
(4,13) (4,14) 119
(5,13) (5,14) 57
(6,13) (6,14) 188
(7,13) (7,14) 153
(8,13) (8,14) 126
(9,13) (9,14) 35
(10,13) (10,14) 196
(11,13) (11,14) 55
(12,13) (12,14) 36
(13,13) (13,14) 151
(14,13) (14,14) 94
(15,13) (15,14) 157
(16,13) (16,14) 7
(17,13) (17,14) 24
(18,13) (18,14) 50
(19,13) (19,14) 29
(20,13) (20,14) 150
(21,13) (21,14) 99
(22,13) (22,14) 123
(23,13) (23,14) 142
(24,13) (24,14) 91
(25,13) (25,14) 66
(1,14) (1,15) 64
(2,14) (2,15) 188
(3,14) (3,15) 182
(4,14) (4,15) 136
(5,14) (5,15) 199
(6,14) (6,15) 173
(7,14) (7,15) 195
(8,14) (8,15) 144
(9,14) (9,15) 185
(10,14) (10,15) 178
(11,14) (11,15) 194
(12,14) (12,15) 26
(13,14) (13,15) 145
(14,14) (14,15) 64
(15,14) (15,15) 4
(16,14) (16,15) 194
(17,14) (17,15) 117
(18,14) (18,15) 130
(19,14) (19,15) 29
(20,14) (20,15) 174
(21,14) (21,15) 119
(22,14) (22,15) 29
(23,14) (23,15) 45
(24,14) (24,15) 101
(25,14) (25,15) 166
(1,15) (1,16) 23
(2,15) (2,16) 48
(3,15) (3,16) 143
(4,15) (4,16) 109
(5,15) (5,16) 125
(6,15) (6,16) 141
(7,15) (7,16) 140
(8,15) (8,16) 117
(9,15) (9,16) 80
(10,15) (10,16) 52
(11,15) (11,16) 165
(12,15) (12,16) 94
(13,15) (13,16) 43
(14,15) (14,16) 169
(15,15) (15,16) 89
(16,15) (16,16) 17
(17,15) (17,16) 180
(18,15) (18,16) 29
(19,15) (19,16) 29
(20,15) (20,16) 81
(21,15) (21,16) 92
(22,15) (22,16) 43
(23,15) (23,16) 140
(24,15) (24,16) 95
(25,15) (25,16) 101
(1,16) (1,17) 104
(2,16) (2,17) 110
(3,16) (3,17) 141
(4,16) (4,17) 63
(5,16) (5,17) 171
(6,16) (6,17) 168
(7,16) (7,17) 138
(8,16) (8,17) 22
(9,16) (9,17) 93
(10,16) (10,17) 128
(11,16) (11,17) 116
(12,16) (12,17) 132
(13,16) (13,17) 186
(14,16) (14,17) 26
(15,16) (15,17) 100
(16,16) (16,17) 135
(17,16) (17,17) 69
(18,16) (18,17) 164
(19,16) (19,17) 115
(20,16) (20,17) 6
(21,16) (21,17) 66
(22,16) (22,17) 75
(23,16) (23,17) 59
(24,16) (24,17) 21
(25,16) (25,17) 132
(1,17) (1,18) 192
(2,17) (2,18) 112
(3,17) (3,18) 51
(4,17) (4,18) 87
(5,17) (5,18) 147
(6,17) (6,18) 181
(7,17) (7,18) 68
(8,17) (8,18) 15
(9,17) (9,18) 154
(10,17) (10,18) 186
(11,17) (11,18) 144
(12,17) (12,18) 152
(13,17) (13,18) 174
(14,17) (14,18) 155
(15,17) (15,18) 55
(16,17) (16,18) 15
(17,17) (17,18) 106
(18,17) (18,18) 180
(19,17) (19,18) 119
(20,17) (20,18) 45
(21,17) (21,18) 160
(22,17) (22,18) 161
(23,17) (23,18) 19
(24,17) (24,18) 68
(25,17) (25,18) 162
(1,18) (1,19) 186
(2,18) (2,19) 154
(3,18) (3,19) 18
(4,18) (4,19) 90
(5,18) (5,19) 84
(6,18) (6,19) 146
(7,18) (7,19) 107
(8,18) (8,19) 15
(9,18) (9,19) 82
(10,18) (10,19) 191
(11,18) (11,19) 51
(12,18) (12,19) 52
(13,18) (13,19) 146
(14,18) (14,19) 43
(15,18) (15,19) 56
(16,18) (16,19) 110
(17,18) (17,19) 196
(18,18) (18,19) 131
(19,18) (19,19) 126
(20,18) (20,19) 171
(21,18) (21,19) 157
(22,18) (22,19) 100
(23,18) (23,19) 20
(24,18) (24,19) 161
(25,18) (25,19) 138
(1,19) (1,20) 105
(2,19) (2,20) 107
(3,19) (3,20) 122
(4,19) (4,20) 120
(5,19) (5,20) 138
(6,19) (6,20) 119
(7,19) (7,20) 50
(8,19) (8,20) 168
(9,19) (9,20) 58
(10,19) (10,20) 78
(11,19) (11,20) 138
(12,19) (12,20) 7
(13,19) (13,20) 77
(14,19) (14,20) 14
(15,19) (15,20) 5
(16,19) (16,20) 188
(17,19) (17,20) 84
(18,19) (18,20) 139
(19,19) (19,20) 51
(20,19) (20,20) 131
(21,19) (21,20) 111
(22,19) (22,20) 174
(23,19) (23,20) 39
(24,19) (24,20) 7
(25,19) (25,20) 70
(1,20) (1,21) 113
(2,20) (2,21) 2
(3,20) (3,21) 179
(4,20) (4,21) 51
(5,20) (5,21) 158
(6,20) (6,21) 123
(7,20) (7,21) 185
(8,20) (8,21) 119
(9,20) (9,21) 128
(10,20) (10,21) 132
(11,20) (11,21) 132
(12,20) (12,21) 136
(13,20) (13,21) 41
(14,20) (14,21) 9
(15,20) (15,21) 56
(16,20) (16,21) 99
(17,20) (17,21) 58
(18,20) (18,21) 7
(19,20) (19,21) 2
(20,20) (20,21) 196
(21,20) (21,21) 193
(22,20) (22,21) 166
(23,20) (23,21) 17
(24,20) (24,21) 8
(25,20) (25,21) 20
(1,21) (1,22) 117
(2,21) (2,22) 188
(3,21) (3,22) 27
(4,21) (4,22) 37
(5,21) (5,22) 1
(6,21) (6,22) 5
(7,21) (7,22) 2
(8,21) (8,22) 158
(9,21) (9,22) 193
(10,21) (10,22) 51
(11,21) (11,22) 71
(12,21) (12,22) 67
(13,21) (13,22) 65
(14,21) (14,22) 85
(15,21) (15,22) 29
(16,21) (16,22) 14
(17,21) (17,22) 81
(18,21) (18,22) 18
(19,21) (19,22) 175
(20,21) (20,22) 86
(21,21) (21,22) 194
(22,21) (22,22) 126
(23,21) (23,22) 49
(24,21) (24,22) 81
(25,21) (25,22) 60
(1,22) (1,23) 151
(2,22) (2,23) 114
(3,22) (3,23) 152
(4,22) (4,23) 22
(5,22) (5,23) 86
(6,22) (6,23) 157
(7,22) (7,23) 106
(8,22) (8,23) 68
(9,22) (9,23) 40
(10,22) (10,23) 2
(11,22) (11,23) 24
(12,22) (12,23) 62
(13,22) (13,23) 108
(14,22) (14,23) 110
(15,22) (15,23) 88
(16,22) (16,23) 67
(17,22) (17,23) 135
(18,22) (18,23) 180
(19,22) (19,23) 181
(20,22) (20,23) 185
(21,22) (21,23) 163
(22,22) (22,23) 94
(23,22) (23,23) 180
(24,22) (24,23) 7
(25,22) (25,23) 22
(1,23) (1,24) 116
(2,23) (2,24) 169
(3,23) (3,24) 89
(4,23) (4,24) 103
(5,23) (5,24) 119
(6,23) (6,24) 176
(7,23) (7,24) 103
(8,23) (8,24) 67
(9,23) (9,24) 147
(10,23) (10,24) 39
(11,23) (11,24) 195
(12,23) (12,24) 45
(13,23) (13,24) 119
(14,23) (14,24) 128
(15,23) (15,24) 100
(16,23) (16,24) 61
(17,23) (17,24) 186
(18,23) (18,24) 45
(19,23) (19,24) 28
(20,23) (20,24) 135
(21,23) (21,24) 36
(22,23) (22,24) 140
(23,23) (23,24) 155
(24,23) (24,24) 20
(25,23) (25,24) 38
(1,24) (1,25) 2
(2,24) (2,25) 46
(3,24) (3,25) 110
(4,24) (4,25) 71
(5,24) (5,25) 188
(6,24) (6,25) 64
(7,24) (7,25) 148
(8,24) (8,25) 140
(9,24) (9,25) 32
(10,24) (10,25) 11
(11,24) (11,25) 13
(12,24) (12,25) 114
(13,24) (13,25) 66
(14,24) (14,25) 74
(15,24) (15,25) 10
(16,24) (16,25) 195
(17,24) (17,25) 122
(18,24) (18,25) 94
(19,24) (19,25) 188
(20,24) (20,25) 180
(21,24) (21,25) 35
(22,24) (22,25) 67
(23,24) (23,25) 157
(24,24) (24,25) 143
(25,24) (25,25) 151
(1,1) (2,1) 95
(2,1) (1,1) 26
(2,1) (3,1) 25
(3,1) (2,1) 38
(3,1) (4,1) 142
(4,1) (3,1) 182
(4,1) (5,1) 65
(5,1) (4,1) 29
(5,1) (6,1) 173
(6,1) (5,1) 122
(6,1) (7,1) 116
(7,1) (6,1) 98
(7,1) (8,1) 1
(8,1) (7,1) 168
(8,1) (9,1) 81
(9,1) (8,1) 102
(9,1) (10,1) 187
(10,1) (9,1) 102
(10,1) (11,1) 62
(11,1) (10,1) 116
(11,1) (12,1) 123
(12,1) (11,1) 120
(12,1) (13,1) 127
(13,1) (12,1) 126
(13,1) (14,1) 85
(14,1) (13,1) 175
(14,1) (15,1) 21
(15,1) (14,1) 174
(15,1) (16,1) 132
(16,1) (15,1) 117
(16,1) (17,1) 19
(17,1) (16,1) 26
(17,1) (18,1) 186
(18,1) (17,1) 2
(18,1) (19,1) 88
(19,1) (18,1) 145
(19,1) (20,1) 161
(20,1) (19,1) 24
(20,1) (21,1) 154
(21,1) (20,1) 114
(21,1) (22,1) 57
(22,1) (21,1) 195
(22,1) (23,1) 104
(23,1) (22,1) 163
(23,1) (24,1) 110
(24,1) (23,1) 149
(24,1) (25,1) 137
(25,1) (24,1) 63
(1,2) (2,2) 117
(2,2) (1,2) 150
(2,2) (3,2) 174
(3,2) (2,2) 121
(3,2) (4,2) 148
(4,2) (3,2) 96
(4,2) (5,2) 65
(5,2) (4,2) 61
(5,2) (6,2) 67
(6,2) (5,2) 64
(6,2) (7,2) 73
(7,2) (6,2) 46
(7,2) (8,2) 155
(8,2) (7,2) 128
(8,2) (9,2) 83
(9,2) (8,2) 154
(9,2) (10,2) 89
(10,2) (9,2) 146
(10,2) (11,2) 47
(11,2) (10,2) 161
(11,2) (12,2) 150
(12,2) (11,2) 79
(12,2) (13,2) 116
(13,2) (12,2) 68
(13,2) (14,2) 46
(14,2) (13,2) 14
(14,2) (15,2) 48
(15,2) (14,2) 35
(15,2) (16,2) 147
(16,2) (15,2) 24
(16,2) (17,2) 87
(17,2) (16,2) 151
(17,2) (18,2) 134
(18,2) (17,2) 87
(18,2) (19,2) 119
(19,2) (18,2) 198
(19,2) (20,2) 122
(20,2) (19,2) 143
(20,2) (21,2) 167
(21,2) (20,2) 20
(21,2) (22,2) 21
(22,2) (21,2) 101
(22,2) (23,2) 50
(23,2) (22,2) 158
(23,2) (24,2) 11
(24,2) (23,2) 196
(24,2) (25,2) 108
(25,2) (24,2) 131
(1,3) (2,3) 184
(2,3) (1,3) 110
(2,3) (3,3) 95
(3,3) (2,3) 99
(3,3) (4,3) 186
(4,3) (3,3) 31
(4,3) (5,3) 82
(5,3) (4,3) 1
(5,3) (6,3) 121
(6,3) (5,3) 86
(6,3) (7,3) 119
(7,3) (6,3) 157
(7,3) (8,3) 164
(8,3) (7,3) 117
(8,3) (9,3) 152
(9,3) (8,3) 58
(9,3) (10,3) 90
(10,3) (9,3) 79
(10,3) (11,3) 5
(11,3) (10,3) 14
(11,3) (12,3) 137
(12,3) (11,3) 121
(12,3) (13,3) 20
(13,3) (12,3) 104
(13,3) (14,3) 126
(14,3) (13,3) 121
(14,3) (15,3) 173
(15,3) (14,3) 123
(15,3) (16,3) 146
(16,3) (15,3) 187
(16,3) (17,3) 33
(17,3) (16,3) 1
(17,3) (18,3) 101
(18,3) (17,3) 83
(18,3) (19,3) 95
(19,3) (18,3) 51
(19,3) (20,3) 17
(20,3) (19,3) 60
(20,3) (21,3) 74
(21,3) (20,3) 148
(21,3) (22,3) 38
(22,3) (21,3) 175
(22,3) (23,3) 187
(23,3) (22,3) 158
(23,3) (24,3) 77
(24,3) (23,3) 7
(24,3) (25,3) 54
(25,3) (24,3) 84
(1,4) (2,4) 19
(2,4) (1,4) 193
(2,4) (3,4) 59
(3,4) (2,4) 190
(3,4) (4,4) 37
(4,4) (3,4) 90
(4,4) (5,4) 180
(5,4) (4,4) 115
(5,4) (6,4) 179
(6,4) (5,4) 104
(6,4) (7,4) 62
(7,4) (6,4) 129
(7,4) (8,4) 106
(8,4) (7,4) 74
(8,4) (9,4) 54
(9,4) (8,4) 31
(9,4) (10,4) 65
(10,4) (9,4) 4
(10,4) (11,4) 81
(11,4) (10,4) 36
(11,4) (12,4) 119
(12,4) (11,4) 194
(12,4) (13,4) 87
(13,4) (12,4) 137
(13,4) (14,4) 111
(14,4) (13,4) 141
(14,4) (15,4) 93
(15,4) (14,4) 25
(15,4) (16,4) 42
(16,4) (15,4) 60
(16,4) (17,4) 167
(17,4) (16,4) 65
(17,4) (18,4) 112
(18,4) (17,4) 82
(18,4) (19,4) 46
(19,4) (18,4) 169
(19,4) (20,4) 50
(20,4) (19,4) 77
(20,4) (21,4) 19
(21,4) (20,4) 154
(21,4) (22,4) 198
(22,4) (21,4) 151
(22,4) (23,4) 136
(23,4) (22,4) 155
(23,4) (24,4) 64
(24,4) (23,4) 53
(24,4) (25,4) 167
(25,4) (24,4) 68
(1,5) (2,5) 114
(2,5) (1,5) 189
(2,5) (3,5) 162
(3,5) (2,5) 99
(3,5) (4,5) 112
(4,5) (3,5) 100
(4,5) (5,5) 38
(5,5) (4,5) 156
(5,5) (6,5) 170
(6,5) (5,5) 197
(6,5) (7,5) 60
(7,5) (6,5) 82
(7,5) (8,5) 47
(8,5) (7,5) 142
(8,5) (9,5) 125
(9,5) (8,5) 181
(9,5) (10,5) 98
(10,5) (9,5) 117
(10,5) (11,5) 130
(11,5) (10,5) 108
(11,5) (12,5) 84
(12,5) (11,5) 192
(12,5) (13,5) 21
(13,5) (12,5) 162
(13,5) (14,5) 86
(14,5) (13,5) 105
(14,5) (15,5) 88
(15,5) (14,5) 189
(15,5) (16,5) 200
(16,5) (15,5) 64
(16,5) (17,5) 72
(17,5) (16,5) 161
(17,5) (18,5) 91
(18,5) (17,5) 18
(18,5) (19,5) 21
(19,5) (18,5) 67
(19,5) (20,5) 128
(20,5) (19,5) 72
(20,5) (21,5) 25
(21,5) (20,5) 185
(21,5) (22,5) 195
(22,5) (21,5) 154
(22,5) (23,5) 74
(23,5) (22,5) 151
(23,5) (24,5) 87
(24,5) (23,5) 50
(24,5) (25,5) 62
(25,5) (24,5) 116
(1,6) (2,6) 31
(2,6) (1,6) 30
(2,6) (3,6) 98
(3,6) (2,6) 115
(3,6) (4,6) 62
(4,6) (3,6) 157
(4,6) (5,6) 31
(5,6) (4,6) 5
(5,6) (6,6) 4
(6,6) (5,6) 98
(6,6) (7,6) 73
(7,6) (6,6) 108
(7,6) (8,6) 150
(8,6) (7,6) 134
(8,6) (9,6) 173
(9,6) (8,6) 11
(9,6) (10,6) 97
(10,6) (9,6) 32
(10,6) (11,6) 15
(11,6) (10,6) 129
(11,6) (12,6) 26
(12,6) (11,6) 55
(12,6) (13,6) 70
(13,6) (12,6) 100
(13,6) (14,6) 181
(14,6) (13,6) 129
(14,6) (15,6) 100
(15,6) (14,6) 9
(15,6) (16,6) 96
(16,6) (15,6) 76
(16,6) (17,6) 53
(17,6) (16,6) 2
(17,6) (18,6) 43
(18,6) (17,6) 89
(18,6) (19,6) 59
(19,6) (18,6) 65
(19,6) (20,6) 14
(20,6) (19,6) 168
(20,6) (21,6) 156
(21,6) (20,6) 137
(21,6) (22,6) 23
(22,6) (21,6) 143
(22,6) (23,6) 25
(23,6) (22,6) 107
(23,6) (24,6) 62
(24,6) (23,6) 28
(24,6) (25,6) 11
(25,6) (24,6) 94
(1,7) (2,7) 95
(2,7) (1,7) 114
(2,7) (3,7) 124
(3,7) (2,7) 64
(3,7) (4,7) 172
(4,7) (3,7) 128
(4,7) (5,7) 199
(5,7) (4,7) 33
(5,7) (6,7) 188
(6,7) (5,7) 20
(6,7) (7,7) 182
(7,7) (6,7) 143
(7,7) (8,7) 164
(8,7) (7,7) 143
(8,7) (9,7) 110
(9,7) (8,7) 187
(9,7) (10,7) 112
(10,7) (9,7) 66
(10,7) (11,7) 89
(11,7) (10,7) 98
(11,7) (12,7) 167
(12,7) (11,7) 159
(12,7) (13,7) 119
(13,7) (12,7) 128
(13,7) (14,7) 32
(14,7) (13,7) 90
(14,7) (15,7) 130
(15,7) (14,7) 192
(15,7) (16,7) 36
(16,7) (15,7) 62
(16,7) (17,7) 29
(17,7) (16,7) 126
(17,7) (18,7) 90
(18,7) (17,7) 60
(18,7) (19,7) 47
(19,7) (18,7) 37
(19,7) (20,7) 184
(20,7) (19,7) 62
(20,7) (21,7) 106
(21,7) (20,7) 196
(21,7) (22,7) 13
(22,7) (21,7) 169
(22,7) (23,7) 67
(23,7) (22,7) 82
(23,7) (24,7) 97
(24,7) (23,7) 161
(24,7) (25,7) 13
(25,7) (24,7) 59
(1,8) (2,8) 77
(2,8) (1,8) 6
(2,8) (3,8) 199
(3,8) (2,8) 83
(3,8) (4,8) 36
(4,8) (3,8) 69
(4,8) (5,8) 126
(5,8) (4,8) 192
(5,8) (6,8) 21
(6,8) (5,8) 153
(6,8) (7,8) 72
(7,8) (6,8) 156
(7,8) (8,8) 60
(8,8) (7,8) 72
(8,8) (9,8) 71
(9,8) (8,8) 111
(9,8) (10,8) 92
(10,8) (9,8) 154
(10,8) (11,8) 109
(11,8) (10,8) 155
(11,8) (12,8) 196
(12,8) (11,8) 36
(12,8) (13,8) 178
(13,8) (12,8) 33
(13,8) (14,8) 83
(14,8) (13,8) 75
(14,8) (15,8) 168
(15,8) (14,8) 89
(15,8) (16,8) 33
(16,8) (15,8) 68
(16,8) (17,8) 95
(17,8) (16,8) 150
(17,8) (18,8) 75
(18,8) (17,8) 152
(18,8) (19,8) 10
(19,8) (18,8) 8
(19,8) (20,8) 170
(20,8) (19,8) 53
(20,8) (21,8) 60
(21,8) (20,8) 59
(21,8) (22,8) 25
(22,8) (21,8) 128
(22,8) (23,8) 48
(23,8) (22,8) 197
(23,8) (24,8) 114
(24,8) (23,8) 117
(24,8) (25,8) 165
(25,8) (24,8) 61
(1,9) (2,9) 92
(2,9) (1,9) 57
(2,9) (3,9) 2
(3,9) (2,9) 183
(3,9) (4,9) 162
(4,9) (3,9) 47
(4,9) (5,9) 187
(5,9) (4,9) 68
(5,9) (6,9) 107
(6,9) (5,9) 7
(6,9) (7,9) 144
(7,9) (6,9) 142
(7,9) (8,9) 41
(8,9) (7,9) 85
(8,9) (9,9) 14
(9,9) (8,9) 160
(9,9) (10,9) 184
(10,9) (9,9) 77
(10,9) (11,9) 189
(11,9) (10,9) 84
(11,9) (12,9) 142
(12,9) (11,9) 36
(12,9) (13,9) 6
(13,9) (12,9) 103
(13,9) (14,9) 185
(14,9) (13,9) 177
(14,9) (15,9) 102
(15,9) (14,9) 151
(15,9) (16,9) 17
(16,9) (15,9) 19
(16,9) (17,9) 139
(17,9) (16,9) 68
(17,9) (18,9) 108
(18,9) (17,9) 12
(18,9) (19,9) 177
(19,9) (18,9) 124
(19,9) (20,9) 167
(20,9) (19,9) 51
(20,9) (21,9) 186
(21,9) (20,9) 25
(21,9) (22,9) 120
(22,9) (21,9) 104
(22,9) (23,9) 136
(23,9) (22,9) 133
(23,9) (24,9) 125
(24,9) (23,9) 160
(24,9) (25,9) 184
(25,9) (24,9) 54
(1,10) (2,10) 128
(2,10) (1,10) 8
(2,10) (3,10) 157
(3,10) (2,10) 52
(3,10) (4,10) 146
(4,10) (3,10) 181
(4,10) (5,10) 110
(5,10) (4,10) 30
(5,10) (6,10) 128
(6,10) (5,10) 186
(6,10) (7,10) 70
(7,10) (6,10) 5
(7,10) (8,10) 199
(8,10) (7,10) 132
(8,10) (9,10) 77
(9,10) (8,10) 89
(9,10) (10,10) 16
(10,10) (9,10) 136
(10,10) (11,10) 7
(11,10) (10,10) 111
(11,10) (12,10) 151
(12,10) (11,10) 12
(12,10) (13,10) 185
(13,10) (12,10) 116
(13,10) (14,10) 78
(14,10) (13,10) 130
(14,10) (15,10) 44
(15,10) (14,10) 163
(15,10) (16,10) 161
(16,10) (15,10) 72
(16,10) (17,10) 144
(17,10) (16,10) 114
(17,10) (18,10) 38
(18,10) (17,10) 125
(18,10) (19,10) 134
(19,10) (18,10) 171
(19,10) (20,10) 99
(20,10) (19,10) 46
(20,10) (21,10) 146
(21,10) (20,10) 198
(21,10) (22,10) 115
(22,10) (21,10) 6
(22,10) (23,10) 107
(23,10) (22,10) 156
(23,10) (24,10) 150
(24,10) (23,10) 173
(24,10) (25,10) 144
(25,10) (24,10) 126
(1,11) (2,11) 100
(2,11) (1,11) 79
(2,11) (3,11) 112
(3,11) (2,11) 44
(3,11) (4,11) 142
(4,11) (3,11) 85
(4,11) (5,11) 182
(5,11) (4,11) 89
(5,11) (6,11) 34
(6,11) (5,11) 137
(6,11) (7,11) 32
(7,11) (6,11) 155
(7,11) (8,11) 137
(8,11) (7,11) 26
(8,11) (9,11) 122
(9,11) (8,11) 89
(9,11) (10,11) 174
(10,11) (9,11) 184
(10,11) (11,11) 84
(11,11) (10,11) 166
(11,11) (12,11) 125
(12,11) (11,11) 65
(12,11) (13,11) 92
(13,11) (12,11) 18
(13,11) (14,11) 149
(14,11) (13,11) 82
(14,11) (15,11) 65
(15,11) (14,11) 31
(15,11) (16,11) 171
(16,11) (15,11) 1
(16,11) (17,11) 62
(17,11) (16,11) 40
(17,11) (18,11) 165
(18,11) (17,11) 15
(18,11) (19,11) 71
(19,11) (18,11) 22
(19,11) (20,11) 64
(20,11) (19,11) 3
(20,11) (21,11) 116
(21,11) (20,11) 188
(21,11) (22,11) 79
(22,11) (21,11) 194
(22,11) (23,11) 71
(23,11) (22,11) 42
(23,11) (24,11) 41
(24,11) (23,11) 58
(24,11) (25,11) 2
(25,11) (24,11) 192
(1,12) (2,12) 173
(2,12) (1,12) 21
(2,12) (3,12) 82
(3,12) (2,12) 32
(3,12) (4,12) 12
(4,12) (3,12) 131
(4,12) (5,12) 42
(5,12) (4,12) 70
(5,12) (6,12) 154
(6,12) (5,12) 113
(6,12) (7,12) 62
(7,12) (6,12) 51
(7,12) (8,12) 91
(8,12) (7,12) 86
(8,12) (9,12) 109
(9,12) (8,12) 92
(9,12) (10,12) 31
(10,12) (9,12) 35
(10,12) (11,12) 161
(11,12) (10,12) 145
(11,12) (12,12) 89
(12,12) (11,12) 50
(12,12) (13,12) 127
(13,12) (12,12) 138
(13,12) (14,12) 122
(14,12) (13,12) 95
(14,12) (15,12) 189
(15,12) (14,12) 68
(15,12) (16,12) 180
(16,12) (15,12) 20
(16,12) (17,12) 181
(17,12) (16,12) 169
(17,12) (18,12) 174
(18,12) (17,12) 137
(18,12) (19,12) 125
(19,12) (18,12) 166
(19,12) (20,12) 163
(20,12) (19,12) 136
(20,12) (21,12) 95
(21,12) (20,12) 157
(21,12) (22,12) 127
(22,12) (21,12) 103
(22,12) (23,12) 180
(23,12) (22,12) 163
(23,12) (24,12) 160
(24,12) (23,12) 6
(24,12) (25,12) 8
(25,12) (24,12) 164
(1,13) (2,13) 52
(2,13) (1,13) 200
(2,13) (3,13) 146
(3,13) (2,13) 114
(3,13) (4,13) 181
(4,13) (3,13) 78
(4,13) (5,13) 139
(5,13) (4,13) 125
(5,13) (6,13) 46
(6,13) (5,13) 199
(6,13) (7,13) 96
(7,13) (6,13) 100
(7,13) (8,13) 64
(8,13) (7,13) 52
(8,13) (9,13) 173
(9,13) (8,13) 105
(9,13) (10,13) 141
(10,13) (9,13) 55
(10,13) (11,13) 32
(11,13) (10,13) 67
(11,13) (12,13) 40
(12,13) (11,13) 52
(12,13) (13,13) 16
(13,13) (12,13) 85
(13,13) (14,13) 39
(14,13) (13,13) 88
(14,13) (15,13) 88
(15,13) (14,13) 116
(15,13) (16,13) 199
(16,13) (15,13) 86
(16,13) (17,13) 35
(17,13) (16,13) 30
(17,13) (18,13) 106
(18,13) (17,13) 88
(18,13) (19,13) 77
(19,13) (18,13) 117
(19,13) (20,13) 15
(20,13) (19,13) 123
(20,13) (21,13) 52
(21,13) (20,13) 10
(21,13) (22,13) 95
(22,13) (21,13) 67
(22,13) (23,13) 34
(23,13) (22,13) 175
(23,13) (24,13) 159
(24,13) (23,13) 109
(24,13) (25,13) 120
(25,13) (24,13) 45
(1,14) (2,14) 119
(2,14) (1,14) 68
(2,14) (3,14) 72
(3,14) (2,14) 172
(3,14) (4,14) 118
(4,14) (3,14) 2
(4,14) (5,14) 79
(5,14) (4,14) 113
(5,14) (6,14) 23
(6,14) (5,14) 152
(6,14) (7,14) 173
(7,14) (6,14) 97
(7,14) (8,14) 12
(8,14) (7,14) 42
(8,14) (9,14) 43
(9,14) (8,14) 180
(9,14) (10,14) 101
(10,14) (9,14) 17
(10,14) (11,14) 87
(11,14) (10,14) 85
(11,14) (12,14) 61
(12,14) (11,14) 108
(12,14) (13,14) 151
(13,14) (12,14) 102
(13,14) (14,14) 194
(14,14) (13,14) 193
(14,14) (15,14) 112
(15,14) (14,14) 40
(15,14) (16,14) 159
(16,14) (15,14) 84
(16,14) (17,14) 129
(17,14) (16,14) 7
(17,14) (18,14) 63
(18,14) (17,14) 90
(18,14) (19,14) 145
(19,14) (18,14) 4
(19,14) (20,14) 128
(20,14) (19,14) 48
(20,14) (21,14) 146
(21,14) (20,14) 29
(21,14) (22,14) 162
(22,14) (21,14) 132
(22,14) (23,14) 88
(23,14) (22,14) 119
(23,14) (24,14) 131
(24,14) (23,14) 69
(24,14) (25,14) 26
(25,14) (24,14) 123
(1,15) (2,15) 64
(2,15) (1,15) 175
(2,15) (3,15) 124
(3,15) (2,15) 15
(3,15) (4,15) 169
(4,15) (3,15) 150
(4,15) (5,15) 134
(5,15) (4,15) 179
(5,15) (6,15) 26
(6,15) (5,15) 4
(6,15) (7,15) 21
(7,15) (6,15) 91
(7,15) (8,15) 186
(8,15) (7,15) 85
(8,15) (9,15) 172
(9,15) (8,15) 21
(9,15) (10,15) 178
(10,15) (9,15) 23
(10,15) (11,15) 23
(11,15) (10,15) 96
(11,15) (12,15) 180
(12,15) (11,15) 16
(12,15) (13,15) 51
(13,15) (12,15) 165
(13,15) (14,15) 60
(14,15) (13,15) 95
(14,15) (15,15) 189
(15,15) (14,15) 177
(15,15) (16,15) 151
(16,15) (15,15) 29
(16,15) (17,15) 62
(17,15) (16,15) 64
(17,15) (18,15) 95
(18,15) (17,15) 124
(18,15) (19,15) 199
(19,15) (18,15) 142
(19,15) (20,15) 129
(20,15) (19,15) 53
(20,15) (21,15) 151
(21,15) (20,15) 54
(21,15) (22,15) 132
(22,15) (21,15) 72
(22,15) (23,15) 78
(23,15) (22,15) 38
(23,15) (24,15) 101
(24,15) (23,15) 156
(24,15) (25,15) 29
(25,15) (24,15) 129
(1,16) (2,16) 59
(2,16) (1,16) 15
(2,16) (3,16) 61
(3,16) (2,16) 100
(3,16) (4,16) 44
(4,16) (3,16) 167
(4,16) (5,16) 184
(5,16) (4,16) 125
(5,16) (6,16) 10
(6,16) (5,16) 166
(6,16) (7,16) 143
(7,16) (6,16) 28
(7,16) (8,16) 198
(8,16) (7,16) 4
(8,16) (9,16) 97
(9,16) (8,16) 70
(9,16) (10,16) 103
(10,16) (9,16) 118
(10,16) (11,16) 181
(11,16) (10,16) 78
(11,16) (12,16) 95
(12,16) (11,16) 93
(12,16) (13,16) 149
(13,16) (12,16) 172
(13,16) (14,16) 35
(14,16) (13,16) 50
(14,16) (15,16) 55
(15,16) (14,16) 82
(15,16) (16,16) 36
(16,16) (15,16) 60
(16,16) (17,16) 72
(17,16) (16,16) 57
(17,16) (18,16) 199
(18,16) (17,16) 116
(18,16) (19,16) 23
(19,16) (18,16) 43
(19,16) (20,16) 21
(20,16) (19,16) 64
(20,16) (21,16) 44
(21,16) (20,16) 105
(21,16) (22,16) 143
(22,16) (21,16) 28
(22,16) (23,16) 27
(23,16) (22,16) 68
(23,16) (24,16) 123
(24,16) (23,16) 111
(24,16) (25,16) 1
(25,16) (24,16) 24
(1,17) (2,17) 51
(2,17) (1,17) 80
(2,17) (3,17) 26
(3,17) (2,17) 173
(3,17) (4,17) 8
(4,17) (3,17) 105
(4,17) (5,17) 60
(5,17) (4,17) 47
(5,17) (6,17) 43
(6,17) (5,17) 196
(6,17) (7,17) 83
(7,17) (6,17) 70
(7,17) (8,17) 147
(8,17) (7,17) 51
(8,17) (9,17) 2
(9,17) (8,17) 160
(9,17) (10,17) 64
(10,17) (9,17) 116
(10,17) (11,17) 51
(11,17) (10,17) 89
(11,17) (12,17) 91
(12,17) (11,17) 64
(12,17) (13,17) 67
(13,17) (12,17) 164
(13,17) (14,17) 96
(14,17) (13,17) 109
(14,17) (15,17) 165
(15,17) (14,17) 172
(15,17) (16,17) 25
(16,17) (15,17) 193
(16,17) (17,17) 129
(17,17) (16,17) 156
(17,17) (18,17) 40
(18,17) (17,17) 55
(18,17) (19,17) 33
(19,17) (18,17) 12
(19,17) (20,17) 160
(20,17) (19,17) 110
(20,17) (21,17) 168
(21,17) (20,17) 53
(21,17) (22,17) 97
(22,17) (21,17) 149
(22,17) (23,17) 95
(23,17) (22,17) 51
(23,17) (24,17) 142
(24,17) (23,17) 195
(24,17) (25,17) 22
(25,17) (24,17) 185
(1,18) (2,18) 117
(2,18) (1,18) 42
(2,18) (3,18) 59
(3,18) (2,18) 3
(3,18) (4,18) 74
(4,18) (3,18) 4
(4,18) (5,18) 25
(5,18) (4,18) 156
(5,18) (6,18) 24
(6,18) (5,18) 109
(6,18) (7,18) 144
(7,18) (6,18) 24
(7,18) (8,18) 173
(8,18) (7,18) 192
(8,18) (9,18) 133
(9,18) (8,18) 156
(9,18) (10,18) 97
(10,18) (9,18) 70
(10,18) (11,18) 15
(11,18) (10,18) 50
(11,18) (12,18) 131
(12,18) (11,18) 32
(12,18) (13,18) 70
(13,18) (12,18) 120
(13,18) (14,18) 16
(14,18) (13,18) 134
(14,18) (15,18) 135
(15,18) (14,18) 72
(15,18) (16,18) 17
(16,18) (15,18) 161
(16,18) (17,18) 119
(17,18) (16,18) 66
(17,18) (18,18) 47
(18,18) (17,18) 10
(18,18) (19,18) 196
(19,18) (18,18) 101
(19,18) (20,18) 30
(20,18) (19,18) 45
(20,18) (21,18) 35
(21,18) (20,18) 157
(21,18) (22,18) 115
(22,18) (21,18) 104
(22,18) (23,18) 65
(23,18) (22,18) 126
(23,18) (24,18) 140
(24,18) (23,18) 166
(24,18) (25,18) 50
(25,18) (24,18) 126
(1,19) (2,19) 58
(2,19) (1,19) 17
(2,19) (3,19) 103
(3,19) (2,19) 185
(3,19) (4,19) 189
(4,19) (3,19) 19
(4,19) (5,19) 184
(5,19) (4,19) 118
(5,19) (6,19) 13
(6,19) (5,19) 45
(6,19) (7,19) 166
(7,19) (6,19) 158
(7,19) (8,19) 72
(8,19) (7,19) 128
(8,19) (9,19) 187
(9,19) (8,19) 5
(9,19) (10,19) 85
(10,19) (9,19) 129
(10,19) (11,19) 9
(11,19) (10,19) 2
(11,19) (12,19) 131
(12,19) (11,19) 34
(12,19) (13,19) 44
(13,19) (12,19) 137
(13,19) (14,19) 38
(14,19) (13,19) 195
(14,19) (15,19) 84
(15,19) (14,19) 127
(15,19) (16,19) 32
(16,19) (15,19) 104
(16,19) (17,19) 170
(17,19) (16,19) 61
(17,19) (18,19) 8
(18,19) (17,19) 100
(18,19) (19,19) 127
(19,19) (18,19) 165
(19,19) (20,19) 98
(20,19) (19,19) 195
(20,19) (21,19) 132
(21,19) (20,19) 129
(21,19) (22,19) 147
(22,19) (21,19) 93
(22,19) (23,19) 145
(23,19) (22,19) 52
(23,19) (24,19) 38
(24,19) (23,19) 78
(24,19) (25,19) 93
(25,19) (24,19) 184
(1,20) (2,20) 48
(2,20) (1,20) 50
(2,20) (3,20) 119
(3,20) (2,20) 142
(3,20) (4,20) 53
(4,20) (3,20) 142
(4,20) (5,20) 191
(5,20) (4,20) 61
(5,20) (6,20) 21
(6,20) (5,20) 177
(6,20) (7,20) 44
(7,20) (6,20) 1
(7,20) (8,20) 142
(8,20) (7,20) 106
(8,20) (9,20) 59
(9,20) (8,20) 4
(9,20) (10,20) 199
(10,20) (9,20) 187
(10,20) (11,20) 9
(11,20) (10,20) 131
(11,20) (12,20) 102
(12,20) (11,20) 163
(12,20) (13,20) 37
(13,20) (12,20) 55
(13,20) (14,20) 142
(14,20) (13,20) 26
(14,20) (15,20) 84
(15,20) (14,20) 180
(15,20) (16,20) 193
(16,20) (15,20) 117
(16,20) (17,20) 90
(17,20) (16,20) 22
(17,20) (18,20) 118
(18,20) (17,20) 185
(18,20) (19,20) 114
(19,20) (18,20) 15
(19,20) (20,20) 103
(20,20) (19,20) 156
(20,20) (21,20) 58
(21,20) (20,20) 101
(21,20) (22,20) 2
(22,20) (21,20) 103
(22,20) (23,20) 110
(23,20) (22,20) 184
(23,20) (24,20) 98
(24,20) (23,20) 71
(24,20) (25,20) 32
(25,20) (24,20) 161
(1,21) (2,21) 81
(2,21) (1,21) 3
(2,21) (3,21) 137
(3,21) (2,21) 198
(3,21) (4,21) 156
(4,21) (3,21) 160
(4,21) (5,21) 79
(5,21) (4,21) 171
(5,21) (6,21) 155
(6,21) (5,21) 32
(6,21) (7,21) 138
(7,21) (6,21) 18
(7,21) (8,21) 163
(8,21) (7,21) 146
(8,21) (9,21) 36
(9,21) (8,21) 179
(9,21) (10,21) 114
(10,21) (9,21) 114
(10,21) (11,21) 197
(11,21) (10,21) 182
(11,21) (12,21) 175
(12,21) (11,21) 177
(12,21) (13,21) 184
(13,21) (12,21) 37
(13,21) (14,21) 187
(14,21) (13,21) 183
(14,21) (15,21) 134
(15,21) (14,21) 103
(15,21) (16,21) 176
(16,21) (15,21) 13
(16,21) (17,21) 189
(17,21) (16,21) 111
(17,21) (18,21) 180
(18,21) (17,21) 55
(18,21) (19,21) 20
(19,21) (18,21) 123
(19,21) (20,21) 82
(20,21) (19,21) 38
(20,21) (21,21) 118
(21,21) (20,21) 160
(21,21) (22,21) 197
(22,21) (21,21) 92
(22,21) (23,21) 80
(23,21) (22,21) 51
(23,21) (24,21) 82
(24,21) (23,21) 1
(24,21) (25,21) 193
(25,21) (24,21) 59
(1,22) (2,22) 89
(2,22) (1,22) 58
(2,22) (3,22) 61
(3,22) (2,22) 170
(3,22) (4,22) 7
(4,22) (3,22) 65
(4,22) (5,22) 22
(5,22) (4,22) 33
(5,22) (6,22) 76
(6,22) (5,22) 63
(6,22) (7,22) 23
(7,22) (6,22) 139
(7,22) (8,22) 108
(8,22) (7,22) 62
(8,22) (9,22) 174
(9,22) (8,22) 42
(9,22) (10,22) 28
(10,22) (9,22) 108
(10,22) (11,22) 14
(11,22) (10,22) 150
(11,22) (12,22) 90
(12,22) (11,22) 105
(12,22) (13,22) 190
(13,22) (12,22) 52
(13,22) (14,22) 161
(14,22) (13,22) 33
(14,22) (15,22) 106
(15,22) (14,22) 171
(15,22) (16,22) 88
(16,22) (15,22) 69
(16,22) (17,22) 35
(17,22) (16,22) 1
(17,22) (18,22) 126
(18,22) (17,22) 92
(18,22) (19,22) 102
(19,22) (18,22) 164
(19,22) (20,22) 53
(20,22) (19,22) 111
(20,22) (21,22) 94
(21,22) (20,22) 189
(21,22) (22,22) 160
(22,22) (21,22) 43
(22,22) (23,22) 150
(23,22) (22,22) 151
(23,22) (24,22) 121
(24,22) (23,22) 167
(24,22) (25,22) 7
(25,22) (24,22) 174
(1,23) (2,23) 12
(2,23) (1,23) 92
(2,23) (3,23) 3
(3,23) (2,23) 154
(3,23) (4,23) 49
(4,23) (3,23) 148
(4,23) (5,23) 12
(5,23) (4,23) 178
(5,23) (6,23) 50
(6,23) (5,23) 76
(6,23) (7,23) 163
(7,23) (6,23) 13
(7,23) (8,23) 66
(8,23) (7,23) 123
(8,23) (9,23) 96
(9,23) (8,23) 179
(9,23) (10,23) 46
(10,23) (9,23) 125
(10,23) (11,23) 67
(11,23) (10,23) 163
(11,23) (12,23) 139
(12,23) (11,23) 193
(12,23) (13,23) 174
(13,23) (12,23) 70
(13,23) (14,23) 131
(14,23) (13,23) 13
(14,23) (15,23) 199
(15,23) (14,23) 152
(15,23) (16,23) 101
(16,23) (15,23) 116
(16,23) (17,23) 181
(17,23) (16,23) 55
(17,23) (18,23) 72
(18,23) (17,23) 165
(18,23) (19,23) 190
(19,23) (18,23) 67
(19,23) (20,23) 84
(20,23) (19,23) 157
(20,23) (21,23) 42
(21,23) (20,23) 86
(21,23) (22,23) 165
(22,23) (21,23) 79
(22,23) (23,23) 8
(23,23) (22,23) 149
(23,23) (24,23) 140
(24,23) (23,23) 144
(24,23) (25,23) 123
(25,23) (24,23) 124
(1,24) (2,24) 92
(2,24) (1,24) 15
(2,24) (3,24) 97
(3,24) (2,24) 64
(3,24) (4,24) 86
(4,24) (3,24) 153
(4,24) (5,24) 192
(5,24) (4,24) 46
(5,24) (6,24) 162
(6,24) (5,24) 11
(6,24) (7,24) 165
(7,24) (6,24) 1
(7,24) (8,24) 147
(8,24) (7,24) 160
(8,24) (9,24) 146
(9,24) (8,24) 16
(9,24) (10,24) 92
(10,24) (9,24) 91
(10,24) (11,24) 35
(11,24) (10,24) 182
(11,24) (12,24) 133
(12,24) (11,24) 94
(12,24) (13,24) 78
(13,24) (12,24) 35
(13,24) (14,24) 45
(14,24) (13,24) 32
(14,24) (15,24) 165
(15,24) (14,24) 160
(15,24) (16,24) 146
(16,24) (15,24) 53
(16,24) (17,24) 9
(17,24) (16,24) 72
(17,24) (18,24) 140
(18,24) (17,24) 16
(18,24) (19,24) 100
(19,24) (18,24) 122
(19,24) (20,24) 178
(20,24) (19,24) 20
(20,24) (21,24) 162
(21,24) (20,24) 154
(21,24) (22,24) 192
(22,24) (21,24) 72
(22,24) (23,24) 189
(23,24) (22,24) 79
(23,24) (24,24) 54
(24,24) (23,24) 72
(24,24) (25,24) 76
(25,24) (24,24) 175
(1,25) (2,25) 38
(2,25) (1,25) 40
(2,25) (3,25) 80
(3,25) (2,25) 55
(3,25) (4,25) 169
(4,25) (3,25) 52
(4,25) (5,25) 99
(5,25) (4,25) 135
(5,25) (6,25) 6
(6,25) (5,25) 98
(6,25) (7,25) 141
(7,25) (6,25) 2
(7,25) (8,25) 24
(8,25) (7,25) 89
(8,25) (9,25) 188
(9,25) (8,25) 75
(9,25) (10,25) 115
(10,25) (9,25) 195
(10,25) (11,25) 159
(11,25) (10,25) 27
(11,25) (12,25) 19
(12,25) (11,25) 158
(12,25) (13,25) 199
(13,25) (12,25) 127
(13,25) (14,25) 49
(14,25) (13,25) 192
(14,25) (15,25) 43
(15,25) (14,25) 197
(15,25) (16,25) 123
(16,25) (15,25) 88
(16,25) (17,25) 182
(17,25) (16,25) 47
(17,25) (18,25) 47
(18,25) (17,25) 58
(18,25) (19,25) 183
(19,25) (18,25) 185
(19,25) (20,25) 180
(20,25) (19,25) 106
(20,25) (21,25) 29
(21,25) (20,25) 61
(21,25) (22,25) 93
(22,25) (21,25) 42
(22,25) (23,25) 181
(23,25) (22,25) 22
(23,25) (24,25) 74
(24,25) (23,25) 191
(24,25) (25,25) 169
(25,25) (24,25) 145
(1,25) t 116
(2,25) t 181
(3,25) t 79
(4,25) t 103
(5,25) t 109
(6,25) t 42
(7,25) t 51
(8,25) t 143
(9,25) t 74
(10,25) t 160
(11,25) t 42
(12,25) t 176
(13,25) t 71
(14,25) t 132
(15,25) t 84
(16,25) t 76
(17,25) t 157
(18,25) t 28
(19,25) t 61
(20,25) t 33
(21,25) t 170
(22,25) t 118
(23,25) t 176
(24,25) t 33
(25,25) t 125
