s (1,1) 32
s (2,1) 7
s (3,1) 9
s (4,1) 62
s (5,1) 55
s (6,1) 151
s (7,1) 91
s (8,1) 27
s (9,1) 109
s (10,1) 63
s (11,1) 91
s (12,1) 123
s (13,1) 125
s (14,1) 184
s (15,1) 125
s (16,1) 98
s (17,1) 147
s (18,1) 177
s (19,1) 121
s (20,1) 105
s (21,1) 16
s (22,1) 191
s (23,1) 119
s (24,1) 167
s (25,1) 102
s (26,1) 148
s (27,1) 131
s (28,1) 6
s (29,1) 154
s (30,1) 184
s (31,1) 176
s (32,1) 42
s (33,1) 94
s (34,1) 157
s (35,1) 189
s (36,1) 101
s (37,1) 160
s (38,1) 140
s (39,1) 49
s (40,1) 109
s (41,1) 186
s (42,1) 13
s (43,1) 172
s (44,1) 167
s (45,1) 190
s (46,1) 59
s (47,1) 27
s (48,1) 68
s (49,1) 166
s (50,1) 166
(1,1) (1,2) 95
(2,1) (2,2) 97
(3,1) (3,2) 102
(4,1) (4,2) 82
(5,1) (5,2) 75
(6,1) (6,2) 173
(7,1) (7,2) 31
(8,1) (8,2) 93
(9,1) (9,2) 8
(10,1) (10,2) 108
(11,1) (11,2) 80
(12,1) (12,2) 14
(13,1) (13,2) 144
(14,1) (14,2) 73
(15,1) (15,2) 130
(16,1) (16,2) 137
(17,1) (17,2) 27
(18,1) (18,2) 184
(19,1) (19,2) 89
(20,1) (20,2) 31
(21,1) (21,2) 128
(22,1) (22,2) 168
(23,1) (23,2) 50
(24,1) (24,2) 34
(25,1) (25,2) 140
(26,1) (26,2) 79
(27,1) (27,2) 158
(28,1) (28,2) 198
(29,1) (29,2) 80
(30,1) (30,2) 120
(31,1) (31,2) 34
(32,1) (32,2) 26
(33,1) (33,2) 50
(34,1) (34,2) 160
(35,1) (35,2) 111
(36,1) (36,2) 62
(37,1) (37,2) 59
(38,1) (38,2) 183
(39,1) (39,2) 4
(40,1) (40,2) 87
(41,1) (41,2) 160
(42,1) (42,2) 49
(43,1) (43,2) 6
(44,1) (44,2) 22
(45,1) (45,2) 7
(46,1) (46,2) 188
(47,1) (47,2) 90
(48,1) (48,2) 46
(49,1) (49,2) 24
(50,1) (50,2) 164
(1,2) (1,3) 15
(2,2) (2,3) 52
(3,2) (3,3) 69
(4,2) (4,3) 17
(5,2) (5,3) 99
(6,2) (6,3) 1
(7,2) (7,3) 48
(8,2) (8,3) 58
(9,2) (9,3) 96
(10,2) (10,3) 59
(11,2) (11,3) 24
(12,2) (12,3) 35
(13,2) (13,3) 146
(14,2) (14,3) 58
(15,2) (15,3) 159
(16,2) (16,3) 194
(17,2) (17,3) 191
(18,2) (18,3) 182
(19,2) (19,3) 130
(20,2) (20,3) 48
(21,2) (21,3) 188
(22,2) (22,3) 21
(23,2) (23,3) 54
(24,2) (24,3) 194
(25,2) (25,3) 33
(26,2) (26,3) 106
(27,2) (27,3) 115
(28,2) (28,3) 159
(29,2) (29,3) 24
(30,2) (30,3) 161
(31,2) (31,3) 16
(32,2) (32,3) 100
(33,2) (33,3) 47
(34,2) (34,3) 167
(35,2) (35,3) 44
(36,2) (36,3) 51
(37,2) (37,3) 190
(38,2) (38,3) 199
(39,2) (39,3) 12
(40,2) (40,3) 59
(41,2) (41,3) 31
(42,2) (42,3) 39
(43,2) (43,3) 77
(44,2) (44,3) 24
(45,2) (45,3) 131
(46,2) (46,3) 153
(47,2) (47,3) 152
(48,2) (48,3) 131
(49,2) (49,3) 19
(50,2) (50,3) 69
(1,3) (1,4) 149
(2,3) (2,4) 180
(3,3) (3,4) 89
(4,3) (4,4) 76
(5,3) (5,4) 181
(6,3) (6,4) 3
(7,3) (7,4) 51
(8,3) (8,4) 159
(9,3) (9,4) 16
(10,3) (10,4) 103
(11,3) (11,4) 88
(12,3) (12,4) 118
(13,3) (13,4) 143
(14,3) (14,4) 158
(15,3) (15,4) 51
(16,3) (16,4) 124
(17,3) (17,4) 160
(18,3) (18,4) 67
(19,3) (19,4) 154
(20,3) (20,4) 192
(21,3) (21,4) 140
(22,3) (22,4) 69
(23,3) (23,4) 170
(24,3) (24,4) 54
(25,3) (25,4) 54
(26,3) (26,4) 195
(27,3) (27,4) 16
(28,3) (28,4) 36
(29,3) (29,4) 130
(30,3) (30,4) 158
(31,3) (31,4) 22
(32,3) (32,4) 73
(33,3) (33,4) 103
(34,3) (34,4) 167
(35,3) (35,4) 152
(36,3) (36,4) 183
(37,3) (37,4) 194
(38,3) (38,4) 136
(39,3) (39,4) 178
(40,3) (40,4) 1
(41,3) (41,4) 113
(42,3) (42,4) 55
(43,3) (43,4) 128
(44,3) (44,4) 88
(45,3) (45,4) 161
(46,3) (46,4) 84
(47,3) (47,4) 161
(48,3) (48,4) 64
(49,3) (49,4) 125
(50,3) (50,4) 139
(1,4) (1,5) 81
(2,4) (2,5) 55
(3,4) (3,5) 19
(4,4) (4,5) 189
(5,4) (5,5) 162
(6,4) (6,5) 189
(7,4) (7,5) 52
(8,4) (8,5) 121
(9,4) (9,5) 62
(10,4) (10,5) 14
(11,4) (11,5) 88
(12,4) (12,5) 152
(13,4) (13,5) 44
(14,4) (14,5) 189
(15,4) (15,5) 20
(16,4) (16,5) 142
(17,4) (17,5) 100
(18,4) (18,5) 59
(19,4) (19,5) 186
(20,4) (20,5) 44
(21,4) (21,5) 184
(22,4) (22,5) 53
(23,4) (23,5) 170
(24,4) (24,5) 115
(25,4) (25,5) 82
(26,4) (26,5) 139
(27,4) (27,5) 50
(28,4) (28,5) 27
(29,4) (29,5) 84
(30,4) (30,5) 149
(31,4) (31,5) 159
(32,4) (32,5) 185
(33,4) (33,5) 128
(34,4) (34,5) 128
(35,4) (35,5) 199
(36,4) (36,5) 199
(37,4) (37,5) 148
(38,4) (38,5) 86
(39,4) (39,5) 93
(40,4) (40,5) 53
(41,4) (41,5) 121
(42,4) (42,5) 116
(43,4) (43,5) 40
(44,4) (44,5) 21
(45,4) (45,5) 177
(46,4) (46,5) 108
(47,4) (47,5) 185
(48,4) (48,5) 28
(49,4) (49,5) 74
(50,4) (50,5) 11
(1,5) (1,6) 31
(2,5) (2,6) 141
(3,5) (3,6) 59
(4,5) (4,6) 77
(5,5) (5,6) 120
(6,5) (6,6) 111
(7,5) (7,6) 170
(8,5) (8,6) 28
(9,5) (9,6) 94
(10,5) (10,6) 167
(11,5) (11,6) 184
(12,5) (12,6) 160
(13,5) (13,6) 67
(14,5) (14,6) 192
(15,5) (15,6) 82
(16,5) (16,6) 128
(17,5) (17,6) 155
(18,5) (18,6) 86
(19,5) (19,6) 37
(20,5) (20,6) 126
(21,5) (21,6) 85
(22,5) (22,6) 3
(23,5) (23,6) 180
(24,5) (24,6) 137
(25,5) (25,6) 101
(26,5) (26,6) 137
(27,5) (27,6) 89
(28,5) (28,6) 140
(29,5) (29,6) 81
(30,5) (30,6) 69
(31,5) (31,6) 62
(32,5) (32,6) 36
(33,5) (33,6) 126
(34,5) (34,6) 77
(35,5) (35,6) 151
(36,5) (36,6) 71
(37,5) (37,6) 14
(38,5) (38,6) 184
(39,5) (39,6) 198
(40,5) (40,6) 39
(41,5) (41,6) 120
(42,5) (42,6) 123
(43,5) (43,6) 73
(44,5) (44,6) 149
(45,5) (45,6) 13
(46,5) (46,6) 173
(47,5) (47,6) 20
(48,5) (48,6) 147
(49,5) (49,6) 2
(50,5) (50,6) 24
(1,6) (1,7) 183
(2,6) (2,7) 106
(3,6) (3,7) 183
(4,6) (4,7) 111
(5,6) (5,7) 101
(6,6) (6,7) 26
(7,6) (7,7) 42
(8,6) (8,7) 199
(9,6) (9,7) 48
(10,6) (10,7) 176
(11,6) (11,7) 129
(12,6) (12,7) 198
(13,6) (13,7) 11
(14,6) (14,7) 145
(15,6) (15,7) 115
(16,6) (16,7) 88
(17,6) (17,7) 46
(18,6) (18,7) 181
(19,6) (19,7) 65
(20,6) (20,7) 65
(21,6) (21,7) 80
(22,6) (22,7) 47
(23,6) (23,7) 158
(24,6) (24,7) 157
(25,6) (25,7) 180
(26,6) (26,7) 153
(27,6) (27,7) 88
(28,6) (28,7) 130
(29,6) (29,7) 42
(30,6) (30,7) 140
(31,6) (31,7) 26
(32,6) (32,7) 39
(33,6) (33,7) 160
(34,6) (34,7) 68
(35,6) (35,7) 63
(36,6) (36,7) 86
(37,6) (37,7) 181
(38,6) (38,7) 82
(39,6) (39,7) 149
(40,6) (40,7) 132
(41,6) (41,7) 59
(42,6) (42,7) 4
(43,6) (43,7) 180
(44,6) (44,7) 82
(45,6) (45,7) 111
(46,6) (46,7) 7
(47,6) (47,7) 73
(48,6) (48,7) 36
(49,6) (49,7) 85
(50,6) (50,7) 157
(1,7) (1,8) 4
(2,7) (2,8) 54
(3,7) (3,8) 52
(4,7) (4,8) 73
(5,7) (5,8) 50
(6,7) (6,8) 183
(7,7) (7,8) 164
(8,7) (8,8) 38
(9,7) (9,8) 152
(10,7) (10,8) 109
(11,7) (11,8) 135
(12,7) (12,8) 159
(13,7) (13,8) 165
(14,7) (14,8) 96
(15,7) (15,8) 131
(16,7) (16,8) 114
(17,7) (17,8) 18
(18,7) (18,8) 131
(19,7) (19,8) 75
(20,7) (20,8) 86
(21,7) (21,8) 64
(22,7) (22,8) 60
(23,7) (23,8) 148
(24,7) (24,8) 36
(25,7) (25,8) 126
(26,7) (26,8) 165
(27,7) (27,8) 27
(28,7) (28,8) 42
(29,7) (29,8) 6
(30,7) (30,8) 35
(31,7) (31,8) 1
(32,7) (32,8) 25
(33,7) (33,8) 115
(34,7) (34,8) 84
(35,7) (35,8) 152
(36,7) (36,8) 24
(37,7) (37,8) 42
(38,7) (38,8) 54
(39,7) (39,8) 156
(40,7) (40,8) 41
(41,7) (41,8) 169
(42,7) (42,8) 170
(43,7) (43,8) 17
(44,7) (44,8) 130
(45,7) (45,8) 184
(46,7) (46,8) 63
(47,7) (47,8) 60
(48,7) (48,8) 126
(49,7) (49,8) 43
(50,7) (50,8) 26
(1,8) (1,9) 25
(2,8) (2,9) 146
(3,8) (3,9) 1
(4,8) (4,9) 59
(5,8) (5,9) 1
(6,8) (6,9) 68
(7,8) (7,9) 132
(8,8) (8,9) 131
(9,8) (9,9) 86
(10,8) (10,9) 20
(11,8) (11,9) 197
(12,8) (12,9) 130
(13,8) (13,9) 109
(14,8) (14,9) 119
(15,8) (15,9) 91
(16,8) (16,9) 166
(17,8) (17,9) 165
(18,8) (18,9) 128
(19,8) (19,9) 168
(20,8) (20,9) 157
(21,8) (21,9) 170
(22,8) (22,9) 191
(23,8) (23,9) 40
(24,8) (24,9) 11
(25,8) (25,9) 113
(26,8) (26,9) 22
(27,8) (27,9) 199
(28,8) (28,9) 199
(29,8) (29,9) 184
(30,8) (30,9) 22
(31,8) (31,9) 102
(32,8) (32,9) 184
(33,8) (33,9) 52
(34,8) (34,9) 17
(35,8) (35,9) 42
(36,8) (36,9) 157
(37,8) (37,9) 53
(38,8) (38,9) 168
(39,8) (39,9) 129
(40,8) (40,9) 161
(41,8) (41,9) 34
(42,8) (42,9) 172
(43,8) (43,9) 169
(44,8) (44,9) 77
(45,8) (45,9) 61
(46,8) (46,9) 113
(47,8) (47,9) 55
(48,8) (48,9) 192
(49,8) (49,9) 10
(50,8) (50,9) 87
(1,9) (1,10) 169
(2,9) (2,10) 194
(3,9) (3,10) 169
(4,9) (4,10) 170
(5,9) (5,10) 1
(6,9) (6,10) 6
(7,9) (7,10) 70
(8,9) (8,10) 154
(9,9) (9,10) 134
(10,9) (10,10) 165
(11,9) (11,10) 57
(12,9) (12,10) 69
(13,9) (13,10) 40
(14,9) (14,10) 127
(15,9) (15,10) 71
(16,9) (16,10) 55
(17,9) (17,10) 192
(18,9) (18,10) 93
(19,9) (19,10) 180
(20,9) (20,10) 84
(21,9) (21,10) 122
(22,9) (22,10) 66
(23,9) (23,10) 99
(24,9) (24,10) 44
(25,9) (25,10) 152
(26,9) (26,10) 64
(27,9) (27,10) 149
(28,9) (28,10) 117
(29,9) (29,10) 20
(30,9) (30,10) 22
(31,9) (31,10) 89
(32,9) (32,10) 127
(33,9) (33,10) 153
(34,9) (34,10) 7
(35,9) (35,10) 45
(36,9) (36,10) 176
(37,9) (37,10) 23
(38,9) (38,10) 110
(39,9) (39,10) 82
(40,9) (40,10) 199
(41,9) (41,10) 1
(42,9) (42,10) 69
(43,9) (43,10) 125
(44,9) (44,10) 126
(45,9) (45,10) 61
(46,9) (46,10) 45
(47,9) (47,10) 199
(48,9) (48,10) 137
(49,9) (49,10) 199
(50,9) (50,10) 176
(1,10) (1,11) 99
(2,10) (2,11) 84
(3,10) (3,11) 122
(4,10) (4,11) 74
(5,10) (5,11) 63
(6,10) (6,11) 160
(7,10) (7,11) 148
(8,10) (8,11) 14
(9,10) (9,11) 81
(10,10) (10,11) 189
(11,10) (11,11) 109
(12,10) (12,11) 101
(13,10) (13,11) 159
(14,10) (14,11) 188
(15,10) (15,11) 196
(16,10) (16,11) 1
(17,10) (17,11) 27
(18,10) (18,11) 107
(19,10) (19,11) 62
(20,10) (20,11) 192
(21,10) (21,11) 65
(22,10) (22,11) 180
(23,10) (23,11) 28
(24,10) (24,11) 19
(25,10) (25,11) 151
(26,10) (26,11) 103
(27,10) (27,11) 71
(28,10) (28,11) 86
(29,10) (29,11) 40
(30,10) (30,11) 195
(31,10) (31,11) 91
(32,10) (32,11) 18
(33,10) (33,11) 156
(34,10) (34,11) 180
(35,10) (35,11) 141
(36,10) (36,11) 22
(37,10) (37,11) 40
(38,10) (38,11) 150
(39,10) (39,11) 179
(40,10) (40,11) 69
(41,10) (41,11) 101
(42,10) (42,11) 79
(43,10) (43,11) 94
(44,10) (44,11) 136
(45,10) (45,11) 96
(46,10) (46,11) 195
(47,10) (47,11) 22
(48,10) (48,11) 156
(49,10) (49,11) 37
(50,10) (50,11) 49
(1,11) (1,12) 11
(2,11) (2,12) 38
(3,11) (3,12) 113
(4,11) (4,12) 155
(5,11) (5,12) 35
(6,11) (6,12) 123
(7,11) (7,12) 43
(8,11) (8,12) 91
(9,11) (9,12) 172
(10,11) (10,12) 116
(11,11) (11,12) 21
(12,11) (12,12) 96
(13,11) (13,12) 104
(14,11) (14,12) 95
(15,11) (15,12) 141
(16,11) (16,12) 56
(17,11) (17,12) 152
(18,11) (18,12) 57
(19,11) (19,12) 34
(20,11) (20,12) 63
(21,11) (21,12) 103
(22,11) (22,12) 39
(23,11) (23,12) 134
(24,11) (24,12) 62
(25,11) (25,12) 84
(26,11) (26,12) 147
(27,11) (27,12) 55
(28,11) (28,12) 63
(29,11) (29,12) 131
(30,11) (30,12) 187
(31,11) (31,12) 129
(32,11) (32,12) 196
(33,11) (33,12) 169
(34,11) (34,12) 78
(35,11) (35,12) 156
(36,11) (36,12) 152
(37,11) (37,12) 105
(38,11) (38,12) 48
(39,11) (39,12) 13
(40,11) (40,12) 109
(41,11) (41,12) 120
(42,11) (42,12) 29
(43,11) (43,12) 59
(44,11) (44,12) 28
(45,11) (45,12) 177
(46,11) (46,12) 98
(47,11) (47,12) 121
(48,11) (48,12) 148
(49,11) (49,12) 166
(50,11) (50,12) 15
(1,12) (1,13) 67
(2,12) (2,13) 153
(3,12) (3,13) 125
(4,12) (4,13) 40
(5,12) (5,13) 22
(6,12) (6,13) 54
(7,12) (7,13) 194
(8,12) (8,13) 123
(9,12) (9,13) 81
(10,12) (10,13) 93
(11,12) (11,13) 118
(12,12) (12,13) 156
(13,12) (13,13) 26
(14,12) (14,13) 162
(15,12) (15,13) 196
(16,12) (16,13) 83
(17,12) (17,13) 94
(18,12) (18,13) 136
(19,12) (19,13) 100
(20,12) (20,13) 7
(21,12) (21,13) 105
(22,12) (22,13) 91
(23,12) (23,13) 198
(24,12) (24,13) 45
(25,12) (25,13) 6
(26,12) (26,13) 109
(27,12) (27,13) 28
(28,12) (28,13) 56
(29,12) (29,13) 68
(30,12) (30,13) 188
(31,12) (31,13) 132
(32,12) (32,13) 172
(33,12) (33,13) 157
(34,12) (34,13) 64
(35,12) (35,13) 193
(36,12) (36,13) 38
(37,12) (37,13) 35
(38,12) (38,13) 162
(39,12) (39,13) 181
(40,12) (40,13) 51
(41,12) (41,13) 185
(42,12) (42,13) 96
(43,12) (43,13) 13
(44,12) (44,13) 145
(45,12) (45,13) 188
(46,12) (46,13) 30
(47,12) (47,13) 41
(48,12) (48,13) 26
(49,12) (49,13) 77
(50,12) (50,13) 126
(1,13) (1,14) 14
(2,13) (2,14) 84
(3,13) (3,14) 147
(4,13) (4,14) 56
(5,13) (5,14) 98
(6,13) (6,14) 78
(7,13) (7,14) 49
(8,13) (8,14) 188
(9,13) (9,14) 148
(10,13) (10,14) 102
(11,13) (11,14) 98
(12,13) (12,14) 76
(13,13) (13,14) 85
(14,13) (14,14) 53
(15,13) (15,14) 196
(16,13) (16,14) 167
(17,13) (17,14) 159
(18,13) (18,14) 147
(19,13) (19,14) 128
(20,13) (20,14) 8
(21,13) (21,14) 16
(22,13) (22,14) 111
(23,13) (23,14) 133
(24,13) (24,14) 21
(25,13) (25,14) 35
(26,13) (26,14) 175
(27,13) (27,14) 171
(28,13) (28,14) 187
(29,13) (29,14) 59
(30,13) (30,14) 94
(31,13) (31,14) 123
(32,13) (32,14) 199
(33,13) (33,14) 181
(34,13) (34,14) 59
(35,13) (35,14) 56
(36,13) (36,14) 136
(37,13) (37,14) 49
(38,13) (38,14) 166
(39,13) (39,14) 177
(40,13) (40,14) 96
(41,13) (41,14) 124
(42,13) (42,14) 101
(43,13) (43,14) 199
(44,13) (44,14) 80
(45,13) (45,14) 94
(46,13) (46,14) 5
(47,13) (47,14) 62
(48,13) (48,14) 51
(49,13) (49,14) 147
(50,13) (50,14) 100
(1,14) (1,15) 65
(2,14) (2,15) 99
(3,14) (3,15) 7
(4,14) (4,15) 131
(5,14) (5,15) 78
(6,14) (6,15) 192
(7,14) (7,15) 3
(8,14) (8,15) 66
(9,14) (9,15) 43
(10,14) (10,15) 15
(11,14) (11,15) 183
(12,14) (12,15) 75
(13,14) (13,15) 28
(14,14) (14,15) 199
(15,14) (15,15) 123
(16,14) (16,15) 184
(17,14) (17,15) 155
(18,14) (18,15) 150
(19,14) (19,15) 134
(20,14) (20,15) 168
(21,14) (21,15) 2
(22,14) (22,15) 138
(23,14) (23,15) 106
(24,14) (24,15) 188
(25,14) (25,15) 23
(26,14) (26,15) 164
(27,14) (27,15) 34
(28,14) (28,15) 64
(29,14) (29,15) 69
(30,14) (30,15) 23
(31,14) (31,15) 72
(32,14) (32,15) 141
(33,14) (33,15) 51
(34,14) (34,15) 63
(35,14) (35,15) 23
(36,14) (36,15) 68
(37,14) (37,15) 3
(38,14) (38,15) 156
(39,14) (39,15) 122
(40,14) (40,15) 37
(41,14) (41,15) 113
(42,14) (42,15) 93
(43,14) (43,15) 168
(44,14) (44,15) 165
(45,14) (45,15) 45
(46,14) (46,15) 113
(47,14) (47,15) 45
(48,14) (48,15) 118
(49,14) (49,15) 8
(50,14) (50,15) 168
(1,15) (1,16) 86
(2,15) (2,16) 56
(3,15) (3,16) 159
(4,15) (4,16) 49
(5,15) (5,16) 8
(6,15) (6,16) 61
(7,15) (7,16) 175
(8,15) (8,16) 133
(9,15) (9,16) 165
(10,15) (10,16) 3
(11,15) (11,16) 133
(12,15) (12,16) 120
(13,15) (13,16) 180
(14,15) (14,16) 194
(15,15) (15,16) 168
(16,15) (16,16) 144
(17,15) (17,16) 12
(18,15) (18,16) 189
(19,15) (19,16) 46
(20,15) (20,16) 109
(21,15) (21,16) 29
(22,15) (22,16) 5
(23,15) (23,16) 64
(24,15) (24,16) 121
(25,15) (25,16) 58
(26,15) (26,16) 65
(27,15) (27,16) 194
(28,15) (28,16) 169
(29,15) (29,16) 119
(30,15) (30,16) 194
(31,15) (31,16) 27
(32,15) (32,16) 25
(33,15) (33,16) 20
(34,15) (34,16) 179
(35,15) (35,16) 141
(36,15) (36,16) 30
(37,15) (37,16) 91
(38,15) (38,16) 118
(39,15) (39,16) 58
(40,15) (40,16) 29
(41,15) (41,16) 4
(42,15) (42,16) 120
(43,15) (43,16) 155
(44,15) (44,16) 153
(45,15) (45,16) 73
(46,15) (46,16) 47
(47,15) (47,16) 22
(48,15) (48,16) 98
(49,15) (49,16) 8
(50,15) (50,16) 138
(1,16) (1,17) 148
(2,16) (2,17) 48
(3,16) (3,17) 134
(4,16) (4,17) 126
(5,16) (5,17) 139
(6,16) (6,17) 46
(7,16) (7,17) 98
(8,16) (8,17) 18
(9,16) (9,17) 119
(10,16) (10,17) 108
(11,16) (11,17) 165
(12,16) (12,17) 160
(13,16) (13,17) 160
(14,16) (14,17) 173
(15,16) (15,17) 156
(16,16) (16,17) 100
(17,16) (17,17) 120
(18,16) (18,17) 104
(19,16) (19,17) 15
(20,16) (20,17) 72
(21,16) (21,17) 115
(22,16) (22,17) 17
(23,16) (23,17) 10
(24,16) (24,17) 6
(25,16) (25,17) 19
(26,16) (26,17) 183
(27,16) (27,17) 21
(28,16) (28,17) 143
(29,16) (29,17) 152
(30,16) (30,17) 153
(31,16) (31,17) 17
(32,16) (32,17) 48
(33,16) (33,17) 120
(34,16) (34,17) 73
(35,16) (35,17) 162
(36,16) (36,17) 36
(37,16) (37,17) 136
(38,16) (38,17) 122
(39,16) (39,17) 4
(40,16) (40,17) 148
(41,16) (41,17) 191
(42,16) (42,17) 150
(43,16) (43,17) 43
(44,16) (44,17) 196
(45,16) (45,17) 83
(46,16) (46,17) 184
(47,16) (47,17) 19
(48,16) (48,17) 79
(49,16) (49,17) 19
(50,16) (50,17) 193
(1,17) (1,18) 112
(2,17) (2,18) 106
(3,17) (3,18) 88
(4,17) (4,18) 94
(5,17) (5,18) 107
(6,17) (6,18) 94
(7,17) (7,18) 105
(8,17) (8,18) 78
(9,17) (9,18) 50
(10,17) (10,18) 191
(11,17) (11,18) 98
(12,17) (12,18) 24
(13,17) (13,18) 59
(14,17) (14,18) 137
(15,17) (15,18) 39
(16,17) (16,18) 171
(17,17) (17,18) 165
(18,17) (18,18) 163
(19,17) (19,18) 74
(20,17) (20,18) 112
(21,17) (21,18) 74
(22,17) (22,18) 52
(23,17) (23,18) 87
(24,17) (24,18) 58
(25,17) (25,18) 149
(26,17) (26,18) 49
(27,17) (27,18) 129
(28,17) (28,18) 54
(29,17) (29,18) 180
(30,17) (30,18) 56
(31,17) (31,18) 51
(32,17) (32,18) 125
(33,17) (33,18) 106
(34,17) (34,18) 47
(35,17) (35,18) 149
(36,17) (36,18) 70
(37,17) (37,18) 12
(38,17) (38,18) 54
(39,17) (39,18) 88
(40,17) (40,18) 96
(41,17) (41,18) 61
(42,17) (42,18) 83
(43,17) (43,18) 112
(44,17) (44,18) 190
(45,17) (45,18) 41
(46,17) (46,18) 108
(47,17) (47,18) 173
(48,17) (48,18) 179
(49,17) (49,18) 138
(50,17) (50,18) 174
(1,18) (1,19) 182
(2,18) (2,19) 172
(3,18) (3,19) 83
(4,18) (4,19) 28
(5,18) (5,19) 11
(6,18) (6,19) 141
(7,18) (7,19) 110
(8,18) (8,19) 108
(9,18) (9,19) 28
(10,18) (10,19) 91
(11,18) (11,19) 84
(12,18) (12,19) 92
(13,18) (13,19) 108
(14,18) (14,19) 65
(15,18) (15,19) 129
(16,18) (16,19) 170
(17,18) (17,19) 124
(18,18) (18,19) 30
(19,18) (19,19) 112
(20,18) (20,19) 160
(21,18) (21,19) 29
(22,18) (22,19) 60
(23,18) (23,19) 99
(24,18) (24,19) 70
(25,18) (25,19) 62
(26,18) (26,19) 20
(27,18) (27,19) 7
(28,18) (28,19) 18
(29,18) (29,19) 70
(30,18) (30,19) 196
(31,18) (31,19) 63
(32,18) (32,19) 122
(33,18) (33,19) 22
(34,18) (34,19) 34
(35,18) (35,19) 96
(36,18) (36,19) 10
(37,18) (37,19) 14
(38,18) (38,19) 2
(39,18) (39,19) 76
(40,18) (40,19) 89
(41,18) (41,19) 130
(42,18) (42,19) 107
(43,18) (43,19) 102
(44,18) (44,19) 14
(45,18) (45,19) 81
(46,18) (46,19) 104
(47,18) (47,19) 144
(48,18) (48,19) 152
(49,18) (49,19) 82
(50,18) (50,19) 179
(1,19) (1,20) 148
(2,19) (2,20) 3
(3,19) (3,20) 156
(4,19) (4,20) 140
(5,19) (5,20) 118
(6,19) (6,20) 70
(7,19) (7,20) 152
(8,19) (8,20) 63
(9,19) (9,20) 2
(10,19) (10,20) 17
(11,19) (11,20) 125
(12,19) (12,20) 123
(13,19) (13,20) 151
(14,19) (14,20) 19
(15,19) (15,20) 80
(16,19) (16,20) 22
(17,19) (17,20) 119
(18,19) (18,20) 42
(19,19) (19,20) 149
(20,19) (20,20) 126
(21,19) (21,20) 82
(22,19) (22,20) 52
(23,19) (23,20) 30
(24,19) (24,20) 50
(25,19) (25,20) 190
(26,19) (26,20) 58
(27,19) (27,20) 23
(28,19) (28,20) 151
(29,19) (29,20) 69
(30,19) (30,20) 45
(31,19) (31,20) 116
(32,19) (32,20) 151
(33,19) (33,20) 171
(34,19) (34,20) 128
(35,19) (35,20) 8
(36,19) (36,20) 188
(37,19) (37,20) 19
(38,19) (38,20) 109
(39,19) (39,20) 139
(40,19) (40,20) 59
(41,19) (41,20) 69
(42,19) (42,20) 43
(43,19) (43,20) 182
(44,19) (44,20) 131
(45,19) (45,20) 157
(46,19) (46,20) 85
(47,19) (47,20) 14
(48,19) (48,20) 60
(49,19) (49,20) 115
(50,19) (50,20) 6
(1,20) (1,21) 83
(2,20) (2,21) 156
(3,20) (3,21) 3
(4,20) (4,21) 145
(5,20) (5,21) 36
(6,20) (6,21) 36
(7,20) (7,21) 9
(8,20) (8,21) 77
(9,20) (9,21) 41
(10,20) (10,21) 66
(11,20) (11,21) 91
(12,20) (12,21) 117
(13,20) (13,21) 69
(14,20) (14,21) 8
(15,20) (15,21) 2
(16,20) (16,21) 109
(17,20) (17,21) 30
(18,20) (18,21) 185
(19,20) (19,21) 189
(20,20) (20,21) 152
(21,20) (21,21) 34
(22,20) (22,21) 124
(23,20) (23,21) 52
(24,20) (24,21) 199
(25,20) (25,21) 143
(26,20) (26,21) 137
(27,20) (27,21) 103
(28,20) (28,21) 52
(29,20) (29,21) 62
(30,20) (30,21) 16
(31,20) (31,21) 25
(32,20) (32,21) 36
(33,20) (33,21) 77
(34,20) (34,21) 121
(35,20) (35,21) 148
(36,20) (36,21) 171
(37,20) (37,21) 145
(38,20) (38,21) 174
(39,20) (39,21) 90
(40,20) (40,21) 178
(41,20) (41,21) 181
(42,20) (42,21) 92
(43,20) (43,21) 93
(44,20) (44,21) 155
(45,20) (45,21) 137
(46,20) (46,21) 96
(47,20) (47,21) 84
(48,20) (48,21) 165
(49,20) (49,21) 169
(50,20) (50,21) 135
(1,21) (1,22) 2
(2,21) (2,22) 187
(3,21) (3,22) 120
(4,21) (4,22) 182
(5,21) (5,22) 156
(6,21) (6,22) 70
(7,21) (7,22) 114
(8,21) (8,22) 96
(9,21) (9,22) 127
(10,21) (10,22) 99
(11,21) (11,22) 187
(12,21) (12,22) 190
(13,21) (13,22) 140
(14,21) (14,22) 103
(15,21) (15,22) 7
(16,21) (16,22) 104
(17,21) (17,22) 42
(18,21) (18,22) 175
(19,21) (19,22) 191
(20,21) (20,22) 186
(21,21) (21,22) 102
(22,21) (22,22) 197
(23,21) (23,22) 197
(24,21) (24,22) 146
(25,21) (25,22) 136
(26,21) (26,22) 76
(27,21) (27,22) 52
(28,21) (28,22) 61
(29,21) (29,22) 109
(30,21) (30,22) 156
(31,21) (31,22) 150
(32,21) (32,22) 73
(33,21) (33,22) 109
(34,21) (34,22) 9
(35,21) (35,22) 179
(36,21) (36,22) 29
(37,21) (37,22) 25
(38,21) (38,22) 142
(39,21) (39,22) 172
(40,21) (40,22) 93
(41,21) (41,22) 123
(42,21) (42,22) 47
(43,21) (43,22) 105
(44,21) (44,22) 186
(45,21) (45,22) 17
(46,21) (46,22) 60
(47,21) (47,22) 141
(48,21) (48,22) 142
(49,21) (49,22) 175
(50,21) (50,22) 121
(1,22) (1,23) 68
(2,22) (2,23) 29
(3,22) (3,23) 64
(4,22) (4,23) 194
(5,22) (5,23) 157
(6,22) (6,23) 191
(7,22) (7,23) 25
(8,22) (8,23) 76
(9,22) (9,23) 122
(10,22) (10,23) 98
(11,22) (11,23) 162
(12,22) (12,23) 7
(13,22) (13,23) 161
(14,22) (14,23) 68
(15,22) (15,23) 57
(16,22) (16,23) 39
(17,22) (17,23) 39
(18,22) (18,23) 13
(19,22) (19,23) 5
(20,22) (20,23) 98
(21,22) (21,23) 48
(22,22) (22,23) 155
(23,22) (23,23) 117
(24,22) (24,23) 132
(25,22) (25,23) 13
(26,22) (26,23) 32
(27,22) (27,23) 75
(28,22) (28,23) 126
(29,22) (29,23) 146
(30,22) (30,23) 134
(31,22) (31,23) 72
(32,22) (32,23) 77
(33,22) (33,23) 131
(34,22) (34,23) 195
(35,22) (35,23) 140
(36,22) (36,23) 78
(37,22) (37,23) 138
(38,22) (38,23) 175
(39,22) (39,23) 186
(40,22) (40,23) 159
(41,22) (41,23) 40
(42,22) (42,23) 170
(43,22) (43,23) 38
(44,22) (44,23) 73
(45,22) (45,23) 14
(46,22) (46,23) 131
(47,22) (47,23) 116
(48,22) (48,23) 194
(49,22) (49,23) 142
(50,22) (50,23) 123
(1,23) (1,24) 183
(2,23) (2,24) 62
(3,23) (3,24) 59
(4,23) (4,24) 15
(5,23) (5,24) 90
(6,23) (6,24) 142
(7,23) (7,24) 145
(8,23) (8,24) 20
(9,23) (9,24) 62
(10,23) (10,24) 25
(11,23) (11,24) 107
(12,23) (12,24) 77
(13,23) (13,24) 73
(14,23) (14,24) 182
(15,23) (15,24) 191
(16,23) (16,24) 137
(17,23) (17,24) 135
(18,23) (18,24) 12
(19,23) (19,24) 160
(20,23) (20,24) 104
(21,23) (21,24) 96
(22,23) (22,24) 104
(23,23) (23,24) 16
(24,23) (24,24) 75
(25,23) (25,24) 158
(26,23) (26,24) 150
(27,23) (27,24) 56
(28,23) (28,24) 43
(29,23) (29,24) 32
(30,23) (30,24) 107
(31,23) (31,24) 29
(32,23) (32,24) 33
(33,23) (33,24) 16
(34,23) (34,24) 87
(35,23) (35,24) 177
(36,23) (36,24) 61
(37,23) (37,24) 134
(38,23) (38,24) 120
(39,23) (39,24) 187
(40,23) (40,24) 122
(41,23) (41,24) 111
(42,23) (42,24) 65
(43,23) (43,24) 51
(44,23) (44,24) 111
(45,23) (45,24) 46
(46,23) (46,24) 193
(47,23) (47,24) 127
(48,23) (48,24) 1
(49,23) (49,24) 44
(50,23) (50,24) 192
(1,24) (1,25) 43
(2,24) (2,25) 123
(3,24) (3,25) 15
(4,24) (4,25) 157
(5,24) (5,25) 144
(6,24) (6,25) 200
(7,24) (7,25) 21
(8,24) (8,25) 42
(9,24) (9,25) 188
(10,24) (10,25) 119
(11,24) (11,25) 83
(12,24) (12,25) 97
(13,24) (13,25) 129
(14,24) (14,25) 12
(15,24) (15,25) 190
(16,24) (16,25) 168
(17,24) (17,25) 157
(18,24) (18,25) 56
(19,24) (19,25) 133
(20,24) (20,25) 39
(21,24) (21,25) 54
(22,24) (22,25) 95
(23,24) (23,25) 65
(24,24) (24,25) 123
(25,24) (25,25) 183
(26,24) (26,25) 31
(27,24) (27,25) 58
(28,24) (28,25) 155
(29,24) (29,25) 20
(30,24) (30,25) 192
(31,24) (31,25) 72
(32,24) (32,25) 15
(33,24) (33,25) 22
(34,24) (34,25) 143
(35,24) (35,25) 3
(36,24) (36,25) 104
(37,24) (37,25) 195
(38,24) (38,25) 196
(39,24) (39,25) 55
(40,24) (40,25) 194
(41,24) (41,25) 197
(42,24) (42,25) 84
(43,24) (43,25) 151
(44,24) (44,25) 102
(45,24) (45,25) 37
(46,24) (46,25) 81
(47,24) (47,25) 188
(48,24) (48,25) 173
(49,24) (49,25) 124
(50,24) (50,25) 108
(1,1) (2,1) 171
(2,1) (1,1) 47
(2,1) (3,1) 142
(3,1) (2,1) 117
(3,1) (4,1) 137
(4,1) (3,1) 57
(4,1) (5,1) 59
(5,1) (4,1) 177
(5,1) (6,1) 35
(6,1) (5,1) 133
(6,1) (7,1) 91
(7,1) (6,1) 59
(7,1) (8,1) 6
(8,1) (7,1) 156
(8,1) (9,1) 134
(9,1) (8,1) 165
(9,1) (10,1) 15
(10,1) (9,1) 182
(10,1) (11,1) 77
(11,1) (10,1) 197
(11,1) (12,1) 105
(12,1) (11,1) 33
(12,1) (13,1) 64
(13,1) (12,1) 13
(13,1) (14,1) 177
(14,1) (13,1) 72
(14,1) (15,1) 149
(15,1) (14,1) 130
(15,1) (16,1) 191
(16,1) (15,1) 35
(16,1) (17,1) 34
(17,1) (16,1) 78
(17,1) (18,1) 123
(18,1) (17,1) 36
(18,1) (19,1) 31
(19,1) (18,1) 97
(19,1) (20,1) 2
(20,1) (19,1) 154
(20,1) (21,1) 147
(21,1) (20,1) 178
(21,1) (22,1) 156
(22,1) (21,1) 198
(22,1) (23,1) 57
(23,1) (22,1) 188
(23,1) (24,1) 162
(24,1) (23,1) 147
(24,1) (25,1) 46
(25,1) (24,1) 100
(25,1) (26,1) 121
(26,1) (25,1) 10
(26,1) (27,1) 146
(27,1) (26,1) 38
(27,1) (28,1) 118
(28,1) (27,1) 11
(28,1) (29,1) 129
(29,1) (28,1) 103
(29,1) (30,1) 117
(30,1) (29,1) 137
(30,1) (31,1) 189
(31,1) (30,1) 157
(31,1) (32,1) 98
(32,1) (31,1) 108
(32,1) (33,1) 2
(33,1) (32,1) 114
(33,1) (34,1) 195
(34,1) (33,1) 10
(34,1) (35,1) 165
(35,1) (34,1) 24
(35,1) (36,1) 104
(36,1) (35,1) 71
(36,1) (37,1) 50
(37,1) (36,1) 166
(37,1) (38,1) 104
(38,1) (37,1) 56
(38,1) (39,1) 88
(39,1) (38,1) 136
(39,1) (40,1) 169
(40,1) (39,1) 16
(40,1) (41,1) 19
(41,1) (40,1) 150
(41,1) (42,1) 196
(42,1) (41,1) 18
(42,1) (43,1) 111
(43,1) (42,1) 75
(43,1) (44,1) 106
(44,1) (43,1) 133
(44,1) (45,1) 43
(45,1) (44,1) 133
(45,1) (46,1) 95
(46,1) (45,1) 117
(46,1) (47,1) 65
(47,1) (46,1) 188
(47,1) (48,1) 10
(48,1) (47,1) 102
(48,1) (49,1) 33
(49,1) (48,1) 171
(49,1) (50,1) 94
(50,1) (49,1) 52
(1,2) (2,2) 45
(2,2) (1,2) 196
(2,2) (3,2) 168
(3,2) (2,2) 30
(3,2) (4,2) 36
(4,2) (3,2) 72
(4,2) (5,2) 124
(5,2) (4,2) 120
(5,2) (6,2) 6
(6,2) (5,2) 60
(6,2) (7,2) 39
(7,2) (6,2) 64
(7,2) (8,2) 17
(8,2) (7,2) 167
(8,2) (9,2) 43
(9,2) (8,2) 192
(9,2) (10,2) 150
(10,2) (9,2) 16
(10,2) (11,2) 171
(11,2) (10,2) 2
(11,2) (12,2) 171
(12,2) (11,2) 196
(12,2) (13,2) 131
(13,2) (12,2) 170
(13,2) (14,2) 78
(14,2) (13,2) 140
(14,2) (15,2) 10
(15,2) (14,2) 13
(15,2) (16,2) 42
(16,2) (15,2) 182
(16,2) (17,2) 39
(17,2) (16,2) 183
(17,2) (18,2) 177
(18,2) (17,2) 18
(18,2) (19,2) 109
(19,2) (18,2) 10
(19,2) (20,2) 23
(20,2) (19,2) 165
(20,2) (21,2) 37
(21,2) (20,2) 10
(21,2) (22,2) 54
(22,2) (21,2) 146
(22,2) (23,2) 70
(23,2) (22,2) 158
(23,2) (24,2) 131
(24,2) (23,2) 36
(24,2) (25,2) 140
(25,2) (24,2) 1
(25,2) (26,2) 189
(26,2) (25,2) 40
(26,2) (27,2) 146
(27,2) (26,2) 166
(27,2) (28,2) 117
(28,2) (27,2) 7
(28,2) (29,2) 157
(29,2) (28,2) 26
(29,2) (30,2) 118
(30,2) (29,2) 106
(30,2) (31,2) 142
(31,2) (30,2) 35
(31,2) (32,2) 75
(32,2) (31,2) 94
(32,2) (33,2) 19
(33,2) (32,2) 151
(33,2) (34,2) 151
(34,2) (33,2) 95
(34,2) (35,2) 52
(35,2) (34,2) 23
(35,2) (36,2) 157
(36,2) (35,2) 80
(36,2) (37,2) 141
(37,2) (36,2) 18
(37,2) (38,2) 68
(38,2) (37,2) 184
(38,2) (39,2) 140
(39,2) (38,2) 30
(39,2) (40,2) 175
(40,2) (39,2) 128
(40,2) (41,2) 65
(41,2) (40,2) 129
(41,2) (42,2) 199
(42,2) (41,2) 81
(42,2) (43,2) 109
(43,2) (42,2) 149
(43,2) (44,2) 21
(44,2) (43,2) 3
(44,2) (45,2) 8
(45,2) (44,2) 58
(45,2) (46,2) 15
(46,2) (45,2) 25
(46,2) (47,2) 75
(47,2) (46,2) 182
(47,2) (48,2) 30
(48,2) (47,2) 168
(48,2) (49,2) 119
(49,2) (48,2) 96
(49,2) (50,2) 74
(50,2) (49,2) 61
(1,3) (2,3) 96
(2,3) (1,3) 18
(2,3) (3,3) 131
(3,3) (2,3) 102
(3,3) (4,3) 177
(4,3) (3,3) 52
(4,3) (5,3) 149
(5,3) (4,3) 72
(5,3) (6,3) 85
(6,3) (5,3) 116
(6,3) (7,3) 30
(7,3) (6,3) 136
(7,3) (8,3) 87
(8,3) (7,3) 196
(8,3) (9,3) 32
(9,3) (8,3) 150
(9,3) (10,3) 111
(10,3) (9,3) 148
(10,3) (11,3) 22
(11,3) (10,3) 116
(11,3) (12,3) 10
(12,3) (11,3) 94
(12,3) (13,3) 148
(13,3) (12,3) 196
(13,3) (14,3) 36
(14,3) (13,3) 177
(14,3) (15,3) 183
(15,3) (14,3) 71
(15,3) (16,3) 157
(16,3) (15,3) 69
(16,3) (17,3) 70
(17,3) (16,3) 58
(17,3) (18,3) 45
(18,3) (17,3) 37
(18,3) (19,3) 100
(19,3) (18,3) 18
(19,3) (20,3) 157
(20,3) (19,3) 3
(20,3) (21,3) 19
(21,3) (20,3) 48
(21,3) (22,3) 100
(22,3) (21,3) 5
(22,3) (23,3) 111
(23,3) (22,3) 72
(23,3) (24,3) 50
(24,3) (23,3) 5
(24,3) (25,3) 44
(25,3) (24,3) 75
(25,3) (26,3) 157
(26,3) (25,3) 94
(26,3) (27,3) 148
(27,3) (26,3) 173
(27,3) (28,3) 77
(28,3) (27,3) 18
(28,3) (29,3) 97
(29,3) (28,3) 161
(29,3) (30,3) 118
(30,3) (29,3) 57
(30,3) (31,3) 115
(31,3) (30,3) 64
(31,3) (32,3) 194
(32,3) (31,3) 83
(32,3) (33,3) 95
(33,3) (32,3) 136
(33,3) (34,3) 96
(34,3) (33,3) 167
(34,3) (35,3) 125
(35,3) (34,3) 41
(35,3) (36,3) 181
(36,3) (35,3) 100
(36,3) (37,3) 148
(37,3) (36,3) 27
(37,3) (38,3) 197
(38,3) (37,3) 100
(38,3) (39,3) 132
(39,3) (38,3) 91
(39,3) (40,3) 14
(40,3) (39,3) 89
(40,3) (41,3) 167
(41,3) (40,3) 20
(41,3) (42,3) 130
(42,3) (41,3) 15
(42,3) (43,3) 149
(43,3) (42,3) 178
(43,3) (44,3) 63
(44,3) (43,3) 97
(44,3) (45,3) 138
(45,3) (44,3) 122
(45,3) (46,3) 12
(46,3) (45,3) 144
(46,3) (47,3) 14
(47,3) (46,3) 14
(47,3) (48,3) 194
(48,3) (47,3) 174
(48,3) (49,3) 170
(49,3) (48,3) 157
(49,3) (50,3) 148
(50,3) (49,3) 41
(1,4) (2,4) 10
(2,4) (1,4) 150
(2,4) (3,4) 45
(3,4) (2,4) 19
(3,4) (4,4) 43
(4,4) (3,4) 76
(4,4) (5,4) 85
(5,4) (4,4) 166
(5,4) (6,4) 1
(6,4) (5,4) 197
(6,4) (7,4) 39
(7,4) (6,4) 60
(7,4) (8,4) 37
(8,4) (7,4) 189
(8,4) (9,4) 58
(9,4) (8,4) 20
(9,4) (10,4) 131
(10,4) (9,4) 88
(10,4) (11,4) 26
(11,4) (10,4) 65
(11,4) (12,4) 12
(12,4) (11,4) 157
(12,4) (13,4) 58
(13,4) (12,4) 172
(13,4) (14,4) 116
(14,4) (13,4) 46
(14,4) (15,4) 9
(15,4) (14,4) 138
(15,4) (16,4) 25
(16,4) (15,4) 35
(16,4) (17,4) 166
(17,4) (16,4) 33
(17,4) (18,4) 78
(18,4) (17,4) 94
(18,4) (19,4) 97
(19,4) (18,4) 83
(19,4) (20,4) 12
(20,4) (19,4) 193
(20,4) (21,4) 31
(21,4) (20,4) 189
(21,4) (22,4) 172
(22,4) (21,4) 19
(22,4) (23,4) 185
(23,4) (22,4) 114
(23,4) (24,4) 139
(24,4) (23,4) 194
(24,4) (25,4) 10
(25,4) (24,4) 24
(25,4) (26,4) 82
(26,4) (25,4) 187
(26,4) (27,4) 99
(27,4) (26,4) 124
(27,4) (28,4) 177
(28,4) (27,4) 149
(28,4) (29,4) 117
(29,4) (28,4) 9
(29,4) (30,4) 160
(30,4) (29,4) 83
(30,4) (31,4) 18
(31,4) (30,4) 179
(31,4) (32,4) 66
(32,4) (31,4) 64
(32,4) (33,4) 153
(33,4) (32,4) 58
(33,4) (34,4) 190
(34,4) (33,4) 164
(34,4) (35,4) 188
(35,4) (34,4) 186
(35,4) (36,4) 19
(36,4) (35,4) 69
(36,4) (37,4) 15
(37,4) (36,4) 151
(37,4) (38,4) 135
(38,4) (37,4) 1
(38,4) (39,4) 88
(39,4) (38,4) 102
(39,4) (40,4) 172
(40,4) (39,4) 55
(40,4) (41,4) 101
(41,4) (40,4) 151
(41,4) (42,4) 80
(42,4) (41,4) 22
(42,4) (43,4) 14
(43,4) (42,4) 151
(43,4) (44,4) 47
(44,4) (43,4) 5
(44,4) (45,4) 176
(45,4) (44,4) 145
(45,4) (46,4) 167
(46,4) (45,4) 122
(46,4) (47,4) 139
(47,4) (46,4) 180
(47,4) (48,4) 40
(48,4) (47,4) 78
(48,4) (49,4) 9
(49,4) (48,4) 104
(49,4) (50,4) 38
(50,4) (49,4) 189
(1,5) (2,5) 124
(2,5) (1,5) 178
(2,5) (3,5) 164
(3,5) (2,5) 67
(3,5) (4,5) 26
(4,5) (3,5) 79
(4,5) (5,5) 15
(5,5) (4,5) 74
(5,5) (6,5) 119
(6,5) (5,5) 101
(6,5) (7,5) 148
(7,5) (6,5) 33
(7,5) (8,5) 176
(8,5) (7,5) 93
(8,5) (9,5) 63
(9,5) (8,5) 150
(9,5) (10,5) 135
(10,5) (9,5) 125
(10,5) (11,5) 17
(11,5) (10,5) 123
(11,5) (12,5) 168
(12,5) (11,5) 58
(12,5) (13,5) 196
(13,5) (12,5) 46
(13,5) (14,5) 47
(14,5) (13,5) 2
(14,5) (15,5) 39
(15,5) (14,5) 171
(15,5) (16,5) 19
(16,5) (15,5) 31
(16,5) (17,5) 1
(17,5) (16,5) 141
(17,5) (18,5) 147
(18,5) (17,5) 48
(18,5) (19,5) 43
(19,5) (18,5) 113
(19,5) (20,5) 76
(20,5) (19,5) 178
(20,5) (21,5) 79
(21,5) (20,5) 163
(21,5) (22,5) 60
(22,5) (21,5) 91
(22,5) (23,5) 175
(23,5) (22,5) 26
(23,5) (24,5) 142
(24,5) (23,5) 111
(24,5) (25,5) 27
(25,5) (24,5) 78
(25,5) (26,5) 154
(26,5) (25,5) 163
(26,5) (27,5) 67
(27,5) (26,5) 10
(27,5) (28,5) 160
(28,5) (27,5) 87
(28,5) (29,5) 29
(29,5) (28,5) 164
(29,5) (30,5) 1
(30,5) (29,5) 33
(30,5) (31,5) 195
(31,5) (30,5) 26
(31,5) (32,5) 171
(32,5) (31,5) 140
(32,5) (33,5) 124
(33,5) (32,5) 7
(33,5) (34,5) 127
(34,5) (33,5) 112
(34,5) (35,5) 125
(35,5) (34,5) 26
(35,5) (36,5) 160
(36,5) (35,5) 147
(36,5) (37,5) 4
(37,5) (36,5) 31
(37,5) (38,5) 161
(38,5) (37,5) 84
(38,5) (39,5) 161
(39,5) (38,5) 111
(39,5) (40,5) 139
(40,5) (39,5) 128
(40,5) (41,5) 74
(41,5) (40,5) 163
(41,5) (42,5) 179
(42,5) (41,5) 22
(42,5) (43,5) 57
(43,5) (42,5) 118
(43,5) (44,5) 77
(44,5) (43,5) 165
(44,5) (45,5) 67
(45,5) (44,5) 56
(45,5) (46,5) 111
(46,5) (45,5) 173
(46,5) (47,5) 8
(47,5) (46,5) 166
(47,5) (48,5) 195
(48,5) (47,5) 130
(48,5) (49,5) 27
(49,5) (48,5) 191
(49,5) (50,5) 34
(50,5) (49,5) 189
(1,6) (2,6) 141
(2,6) (1,6) 90
(2,6) (3,6) 2
(3,6) (2,6) 6
(3,6) (4,6) 66
(4,6) (3,6) 51
(4,6) (5,6) 28
(5,6) (4,6) 172
(5,6) (6,6) 87
(6,6) (5,6) 92
(6,6) (7,6) 4
(7,6) (6,6) 44
(7,6) (8,6) 93
(8,6) (7,6) 120
(8,6) (9,6) 150
(9,6) (8,6) 104
(9,6) (10,6) 143
(10,6) (9,6) 83
(10,6) (11,6) 41
(11,6) (10,6) 134
(11,6) (12,6) 21
(12,6) (11,6) 29
(12,6) (13,6) 171
(13,6) (12,6) 73
(13,6) (14,6) 131
(14,6) (13,6) 165
(14,6) (15,6) 97
(15,6) (14,6) 102
(15,6) (16,6) 33
(16,6) (15,6) 170
(16,6) (17,6) 121
(17,6) (16,6) 45
(17,6) (18,6) 167
(18,6) (17,6) 37
(18,6) (19,6) 190
(19,6) (18,6) 31
(19,6) (20,6) 76
(20,6) (19,6) 146
(20,6) (21,6) 119
(21,6) (20,6) 174
(21,6) (22,6) 27
(22,6) (21,6) 85
(22,6) (23,6) 69
(23,6) (22,6) 48
(23,6) (24,6) 115
(24,6) (23,6) 178
(24,6) (25,6) 190
(25,6) (24,6) 133
(25,6) (26,6) 42
(26,6) (25,6) 21
(26,6) (27,6) 131
(27,6) (26,6) 160
(27,6) (28,6) 5
(28,6) (27,6) 87
(28,6) (29,6) 162
(29,6) (28,6) 19
(29,6) (30,6) 166
(30,6) (29,6) 122
(30,6) (31,6) 57
(31,6) (30,6) 50
(31,6) (32,6) 3
(32,6) (31,6) 20
(32,6) (33,6) 40
(33,6) (32,6) 162
(33,6) (34,6) 199
(34,6) (33,6) 103
(34,6) (35,6) 129
(35,6) (34,6) 26
(35,6) (36,6) 47
(36,6) (35,6) 145
(36,6) (37,6) 95
(37,6) (36,6) 135
(37,6) (38,6) 179
(38,6) (37,6) 39
(38,6) (39,6) 16
(39,6) (38,6) 102
(39,6) (40,6) 158
(40,6) (39,6) 196
(40,6) (41,6) 41
(41,6) (40,6) 3
(41,6) (42,6) 164
(42,6) (41,6) 192
(42,6) (43,6) 20
(43,6) (42,6) 126
(43,6) (44,6) 16
(44,6) (43,6) 59
(44,6) (45,6) 120
(45,6) (44,6) 189
(45,6) (46,6) 191
(46,6) (45,6) 1
(46,6) (47,6) 158
(47,6) (46,6) 28
(47,6) (48,6) 76
(48,6) (47,6) 160
(48,6) (49,6) 3
(49,6) (48,6) 89
(49,6) (50,6) 129
(50,6) (49,6) 52
(1,7) (2,7) 151
(2,7) (1,7) 20
(2,7) (3,7) 199
(3,7) (2,7) 35
(3,7) (4,7) 16
(4,7) (3,7) 139
(4,7) (5,7) 130
(5,7) (4,7) 108
(5,7) (6,7) 115
(6,7) (5,7) 173
(6,7) (7,7) 19
(7,7) (6,7) 187
(7,7) (8,7) 73
(8,7) (7,7) 108
(8,7) (9,7) 3
(9,7) (8,7) 103
(9,7) (10,7) 82
(10,7) (9,7) 181
(10,7) (11,7) 41
(11,7) (10,7) 189
(11,7) (12,7) 145
(12,7) (11,7) 84
(12,7) (13,7) 81
(13,7) (12,7) 93
(13,7) (14,7) 108
(14,7) (13,7) 136
(14,7) (15,7) 162
(15,7) (14,7) 74
(15,7) (16,7) 94
(16,7) (15,7) 117
(16,7) (17,7) 113
(17,7) (16,7) 176
(17,7) (18,7) 194
(18,7) (17,7) 1
(18,7) (19,7) 151
(19,7) (18,7) 5
(19,7) (20,7) 134
(20,7) (19,7) 126
(20,7) (21,7) 52
(21,7) (20,7) 81
(21,7) (22,7) 98
(22,7) (21,7) 190
(22,7) (23,7) 78
(23,7) (22,7) 34
(23,7) (24,7) 28
(24,7) (23,7) 173
(24,7) (25,7) 178
(25,7) (24,7) 40
(25,7) (26,7) 129
(26,7) (25,7) 64
(26,7) (27,7) 29
(27,7) (26,7) 136
(27,7) (28,7) 113
(28,7) (27,7) 83
(28,7) (29,7) 160
(29,7) (28,7) 172
(29,7) (30,7) 168
(30,7) (29,7) 56
(30,7) (31,7) 78
(31,7) (30,7) 183
(31,7) (32,7) 173
(32,7) (31,7) 164
(32,7) (33,7) 92
(33,7) (32,7) 151
(33,7) (34,7) 81
(34,7) (33,7) 155
(34,7) (35,7) 156
(35,7) (34,7) 3
(35,7) (36,7) 53
(36,7) (35,7) 12
(36,7) (37,7) 61
(37,7) (36,7) 115
(37,7) (38,7) 80
(38,7) (37,7) 183
(38,7) (39,7) 154
(39,7) (38,7) 30
(39,7) (40,7) 60
(40,7) (39,7) 122
(40,7) (41,7) 93
(41,7) (40,7) 94
(41,7) (42,7) 156
(42,7) (41,7) 179
(42,7) (43,7) 96
(43,7) (42,7) 145
(43,7) (44,7) 60
(44,7) (43,7) 48
(44,7) (45,7) 112
(45,7) (44,7) 89
(45,7) (46,7) 189
(46,7) (45,7) 154
(46,7) (47,7) 31
(47,7) (46,7) 91
(47,7) (48,7) 19
(48,7) (47,7) 64
(48,7) (49,7) 148
(49,7) (48,7) 197
(49,7) (50,7) 165
(50,7) (49,7) 72
(1,8) (2,8) 9
(2,8) (1,8) 120
(2,8) (3,8) 17
(3,8) (2,8) 72
(3,8) (4,8) 81
(4,8) (3,8) 156
(4,8) (5,8) 25
(5,8) (4,8) 74
(5,8) (6,8) 100
(6,8) (5,8) 99
(6,8) (7,8) 86
(7,8) (6,8) 62
(7,8) (8,8) 192
(8,8) (7,8) 197
(8,8) (9,8) 175
(9,8) (8,8) 10
(9,8) (10,8) 198
(10,8) (9,8) 155
(10,8) (11,8) 14
(11,8) (10,8) 173
(11,8) (12,8) 102
(12,8) (11,8) 112
(12,8) (13,8) 191
(13,8) (12,8) 9
(13,8) (14,8) 47
(14,8) (13,8) 57
(14,8) (15,8) 78
(15,8) (14,8) 198
(15,8) (16,8) 119
(16,8) (15,8) 54
(16,8) (17,8) 132
(17,8) (16,8) 139
(17,8) (18,8) 60
(18,8) (17,8) 144
(18,8) (19,8) 126
(19,8) (18,8) 175
(19,8) (20,8) 53
(20,8) (19,8) 34
(20,8) (21,8) 2
(21,8) (20,8) 30
(21,8) (22,8) 151
(22,8) (21,8) 100
(22,8) (23,8) 134
(23,8) (22,8) 143
(23,8) (24,8) 48
(24,8) (23,8) 122
(24,8) (25,8) 15
(25,8) (24,8) 74
(25,8) (26,8) 130
(26,8) (25,8) 3
(26,8) (27,8) 115
(27,8) (26,8) 71
(27,8) (28,8) 28
(28,8) (27,8) 93
(28,8) (29,8) 163
(29,8) (28,8) 153
(29,8) (30,8) 59
(30,8) (29,8) 70
(30,8) (31,8) 1
(31,8) (30,8) 82
(31,8) (32,8) 104
(32,8) (31,8) 94
(32,8) (33,8) 18
(33,8) (32,8) 40
(33,8) (34,8) 95
(34,8) (33,8) 104
(34,8) (35,8) 175
(35,8) (34,8) 29
(35,8) (36,8) 195
(36,8) (35,8) 79
(36,8) (37,8) 174
(37,8) (36,8) 12
(37,8) (38,8) 105
(38,8) (37,8) 5
(38,8) (39,8) 16
(39,8) (38,8) 63
(39,8) (40,8) 79
(40,8) (39,8) 183
(40,8) (41,8) 39
(41,8) (40,8) 70
(41,8) (42,8) 152
(42,8) (41,8) 52
(42,8) (43,8) 14
(43,8) (42,8) 122
(43,8) (44,8) 16
(44,8) (43,8) 140
(44,8) (45,8) 197
(45,8) (44,8) 47
(45,8) (46,8) 71
(46,8) (45,8) 53
(46,8) (47,8) 167
(47,8) (46,8) 151
(47,8) (48,8) 59
(48,8) (47,8) 137
(48,8) (49,8) 129
(49,8) (48,8) 172
(49,8) (50,8) 118
(50,8) (49,8) 156
(1,9) (2,9) 74
(2,9) (1,9) 69
(2,9) (3,9) 177
(3,9) (2,9) 81
(3,9) (4,9) 194
(4,9) (3,9) 66
(4,9) (5,9) 148
(5,9) (4,9) 115
(5,9) (6,9) 88
(6,9) (5,9) 51
(6,9) (7,9) 147
(7,9) (6,9) 153
(7,9) (8,9) 43
(8,9) (7,9) 154
(8,9) (9,9) 190
(9,9) (8,9) 163
(9,9) (10,9) 125
(10,9) (9,9) 137
(10,9) (11,9) 53
(11,9) (10,9) 105
(11,9) (12,9) 143
(12,9) (11,9) 6
(12,9) (13,9) 38
(13,9) (12,9) 83
(13,9) (14,9) 29
(14,9) (13,9) 195
(14,9) (15,9) 53
(15,9) (14,9) 3
(15,9) (16,9) 136
(16,9) (15,9) 89
(16,9) (17,9) 118
(17,9) (16,9) 127
(17,9) (18,9) 129
(18,9) (17,9) 77
(18,9) (19,9) 138
(19,9) (18,9) 2
(19,9) (20,9) 128
(20,9) (19,9) 131
(20,9) (21,9) 84
(21,9) (20,9) 2
(21,9) (22,9) 138
(22,9) (21,9) 199
(22,9) (23,9) 55
(23,9) (22,9) 132
(23,9) (24,9) 128
(24,9) (23,9) 178
(24,9) (25,9) 102
(25,9) (24,9) 51
(25,9) (26,9) 58
(26,9) (25,9) 97
(26,9) (27,9) 159
(27,9) (26,9) 48
(27,9) (28,9) 119
(28,9) (27,9) 186
(28,9) (29,9) 141
(29,9) (28,9) 164
(29,9) (30,9) 63
(30,9) (29,9) 96
(30,9) (31,9) 56
(31,9) (30,9) 72
(31,9) (32,9) 152
(32,9) (31,9) 134
(32,9) (33,9) 11
(33,9) (32,9) 5
(33,9) (34,9) 74
(34,9) (33,9) 87
(34,9) (35,9) 106
(35,9) (34,9) 144
(35,9) (36,9) 127
(36,9) (35,9) 139
(36,9) (37,9) 86
(37,9) (36,9) 117
(37,9) (38,9) 161
(38,9) (37,9) 174
(38,9) (39,9) 103
(39,9) (38,9) 68
(39,9) (40,9) 138
(40,9) (39,9) 99
(40,9) (41,9) 37
(41,9) (40,9) 73
(41,9) (42,9) 130
(42,9) (41,9) 166
(42,9) (43,9) 10
(43,9) (42,9) 141
(43,9) (44,9) 153
(44,9) (43,9) 39
(44,9) (45,9) 191
(45,9) (44,9) 138
(45,9) (46,9) 2
(46,9) (45,9) 163
(46,9) (47,9) 34
(47,9) (46,9) 20
(47,9) (48,9) 111
(48,9) (47,9) 84
(48,9) (49,9) 193
(49,9) (48,9) 75
(49,9) (50,9) 55
(50,9) (49,9) 96
(1,10) (2,10) 173
(2,10) (1,10) 157
(2,10) (3,10) 41
(3,10) (2,10) 119
(3,10) (4,10) 118
(4,10) (3,10) 65
(4,10) (5,10) 59
(5,10) (4,10) 166
(5,10) (6,10) 111
(6,10) (5,10) 5
(6,10) (7,10) 67
(7,10) (6,10) 144
(7,10) (8,10) 198
(8,10) (7,10) 168
(8,10) (9,10) 145
(9,10) (8,10) 196
(9,10) (10,10) 179
(10,10) (9,10) 68
(10,10) (11,10) 56
(11,10) (10,10) 154
(11,10) (12,10) 9
(12,10) (11,10) 108
(12,10) (13,10) 32
(13,10) (12,10) 63
(13,10) (14,10) 182
(14,10) (13,10) 124
(14,10) (15,10) 169
(15,10) (14,10) 89
(15,10) (16,10) 43
(16,10) (15,10) 165
(16,10) (17,10) 53
(17,10) (16,10) 52
(17,10) (18,10) 80
(18,10) (17,10) 15
(18,10) (19,10) 170
(19,10) (18,10) 194
(19,10) (20,10) 176
(20,10) (19,10) 57
(20,10) (21,10) 82
(21,10) (20,10) 185
(21,10) (22,10) 187
(22,10) (21,10) 124
(22,10) (23,10) 162
(23,10) (22,10) 54
(23,10) (24,10) 38
(24,10) (23,10) 53
(24,10) (25,10) 172
(25,10) (24,10) 143
(25,10) (26,10) 188
(26,10) (25,10) 2
(26,10) (27,10) 80
(27,10) (26,10) 150
(27,10) (28,10) 87
(28,10) (27,10) 12
(28,10) (29,10) 118
(29,10) (28,10) 74
(29,10) (30,10) 159
(30,10) (29,10) 90
(30,10) (31,10) 81
(31,10) (30,10) 128
(31,10) (32,10) 158
(32,10) (31,10) 62
(32,10) (33,10) 184
(33,10) (32,10) 78
(33,10) (34,10) 133
(34,10) (33,10) 185
(34,10) (35,10) 166
(35,10) (34,10) 104
(35,10) (36,10) 79
(36,10) (35,10) 49
(36,10) (37,10) 196
(37,10) (36,10) 132
(37,10) (38,10) 120
(38,10) (37,10) 187
(38,10) (39,10) 168
(39,10) (38,10) 119
(39,10) (40,10) 137
(40,10) (39,10) 188
(40,10) (41,10) 93
(41,10) (40,10) 162
(41,10) (42,10) 147
(42,10) (41,10) 185
(42,10) (43,10) 46
(43,10) (42,10) 160
(43,10) (44,10) 37
(44,10) (43,10) 182
(44,10) (45,10) 183
(45,10) (44,10) 150
(45,10) (46,10) 20
(46,10) (45,10) 51
(46,10) (47,10) 195
(47,10) (46,10) 101
(47,10) (48,10) 133
(48,10) (47,10) 67
(48,10) (49,10) 164
(49,10) (48,10) 108
(49,10) (50,10) 98
(50,10) (49,10) 190
(1,11) (2,11) 10
(2,11) (1,11) 85
(2,11) (3,11) 15
(3,11) (2,11) 15
(3,11) (4,11) 131
(4,11) (3,11) 66
(4,11) (5,11) 161
(5,11) (4,11) 55
(5,11) (6,11) 19
(6,11) (5,11) 25
(6,11) (7,11) 194
(7,11) (6,11) 56
(7,11) (8,11) 176
(8,11) (7,11) 3
(8,11) (9,11) 115
(9,11) (8,11) 190
(9,11) (10,11) 157
(10,11) (9,11) 74
(10,11) (11,11) 102
(11,11) (10,11) 175
(11,11) (12,11) 169
(12,11) (11,11) 24
(12,11) (13,11) 86
(13,11) (12,11) 84
(13,11) (14,11) 43
(14,11) (13,11) 140
(14,11) (15,11) 165
(15,11) (14,11) 111
(15,11) (16,11) 13
(16,11) (15,11) 32
(16,11) (17,11) 178
(17,11) (16,11) 148
(17,11) (18,11) 2
(18,11) (17,11) 54
(18,11) (19,11) 22
(19,11) (18,11) 116
(19,11) (20,11) 68
(20,11) (19,11) 9
(20,11) (21,11) 137
(21,11) (20,11) 109
(21,11) (22,11) 38
(22,11) (21,11) 111
(22,11) (23,11) 198
(23,11) (22,11) 37
(23,11) (24,11) 147
(24,11) (23,11) 44
(24,11) (25,11) 79
(25,11) (24,11) 173
(25,11) (26,11) 186
(26,11) (25,11) 162
(26,11) (27,11) 182
(27,11) (26,11) 195
(27,11) (28,11) 71
(28,11) (27,11) 188
(28,11) (29,11) 170
(29,11) (28,11) 143
(29,11) (30,11) 55
(30,11) (29,11) 10
(30,11) (31,11) 2
(31,11) (30,11) 55
(31,11) (32,11) 23
(32,11) (31,11) 151
(32,11) (33,11) 9
(33,11) (32,11) 78
(33,11) (34,11) 168
(34,11) (33,11) 158
(34,11) (35,11) 46
(35,11) (34,11) 119
(35,11) (36,11) 3
(36,11) (35,11) 179
(36,11) (37,11) 158
(37,11) (36,11) 63
(37,11) (38,11) 174
(38,11) (37,11) 182
(38,11) (39,11) 121
(39,11) (38,11) 168
(39,11) (40,11) 73
(40,11) (39,11) 129
(40,11) (41,11) 198
(41,11) (40,11) 162
(41,11) (42,11) 48
(42,11) (41,11) 115
(42,11) (43,11) 147
(43,11) (42,11) 13
(43,11) (44,11) 68
(44,11) (43,11) 182
(44,11) (45,11) 149
(45,11) (44,11) 25
(45,11) (46,11) 16
(46,11) (45,11) 130
(46,11) (47,11) 128
(47,11) (46,11) 94
(47,11) (48,11) 13
(48,11) (47,11) 76
(48,11) (49,11) 139
(49,11) (48,11) 48
(49,11) (50,11) 139
(50,11) (49,11) 177
(1,12) (2,12) 124
(2,12) (1,12) 153
(2,12) (3,12) 196
(3,12) (2,12) 77
(3,12) (4,12) 36
(4,12) (3,12) 66
(4,12) (5,12) 190
(5,12) (4,12) 177
(5,12) (6,12) 182
(6,12) (5,12) 37
(6,12) (7,12) 126
(7,12) (6,12) 40
(7,12) (8,12) 1
(8,12) (7,12) 90
(8,12) (9,12) 147
(9,12) (8,12) 10
(9,12) (10,12) 119
(10,12) (9,12) 129
(10,12) (11,12) 62
(11,12) (10,12) 177
(11,12) (12,12) 17
(12,12) (11,12) 143
(12,12) (13,12) 156
(13,12) (12,12) 25
(13,12) (14,12) 90
(14,12) (13,12) 113
(14,12) (15,12) 5
(15,12) (14,12) 101
(15,12) (16,12) 29
(16,12) (15,12) 29
(16,12) (17,12) 84
(17,12) (16,12) 92
(17,12) (18,12) 35
(18,12) (17,12) 89
(18,12) (19,12) 147
(19,12) (18,12) 99
(19,12) (20,12) 157
(20,12) (19,12) 131
(20,12) (21,12) 3
(21,12) (20,12) 188
(21,12) (22,12) 98
(22,12) (21,12) 7
(22,12) (23,12) 45
(23,12) (22,12) 115
(23,12) (24,12) 69
(24,12) (23,12) 119
(24,12) (25,12) 152
(25,12) (24,12) 41
(25,12) (26,12) 111
(26,12) (25,12) 28
(26,12) (27,12) 143
(27,12) (26,12) 74
(27,12) (28,12) 60
(28,12) (27,12) 75
(28,12) (29,12) 86
(29,12) (28,12) 49
(29,12) (30,12) 37
(30,12) (29,12) 91
(30,12) (31,12) 121
(31,12) (30,12) 12
(31,12) (32,12) 41
(32,12) (31,12) 51
(32,12) (33,12) 177
(33,12) (32,12) 162
(33,12) (34,12) 152
(34,12) (33,12) 169
(34,12) (35,12) 116
(35,12) (34,12) 136
(35,12) (36,12) 30
(36,12) (35,12) 140
(36,12) (37,12) 16
(37,12) (36,12) 171
(37,12) (38,12) 153
(38,12) (37,12) 99
(38,12) (39,12) 116
(39,12) (38,12) 119
(39,12) (40,12) 167
(40,12) (39,12) 86
(40,12) (41,12) 58
(41,12) (40,12) 86
(41,12) (42,12) 54
(42,12) (41,12) 66
(42,12) (43,12) 165
(43,12) (42,12) 181
(43,12) (44,12) 97
(44,12) (43,12) 43
(44,12) (45,12) 187
(45,12) (44,12) 112
(45,12) (46,12) 148
(46,12) (45,12) 97
(46,12) (47,12) 15
(47,12) (46,12) 22
(47,12) (48,12) 101
(48,12) (47,12) 13
(48,12) (49,12) 118
(49,12) (48,12) 55
(49,12) (50,12) 199
(50,12) (49,12) 181
(1,13) (2,13) 11
(2,13) (1,13) 17
(2,13) (3,13) 76
(3,13) (2,13) 51
(3,13) (4,13) 145
(4,13) (3,13) 154
(4,13) (5,13) 174
(5,13) (4,13) 180
(5,13) (6,13) 117
(6,13) (5,13) 144
(6,13) (7,13) 2
(7,13) (6,13) 124
(7,13) (8,13) 166
(8,13) (7,13) 85
(8,13) (9,13) 113
(9,13) (8,13) 22
(9,13) (10,13) 154
(10,13) (9,13) 102
(10,13) (11,13) 4
(11,13) (10,13) 89
(11,13) (12,13) 86
(12,13) (11,13) 146
(12,13) (13,13) 28
(13,13) (12,13) 47
(13,13) (14,13) 25
(14,13) (13,13) 47
(14,13) (15,13) 76
(15,13) (14,13) 183
(15,13) (16,13) 14
(16,13) (15,13) 143
(16,13) (17,13) 67
(17,13) (16,13) 106
(17,13) (18,13) 12
(18,13) (17,13) 195
(18,13) (19,13) 186
(19,13) (18,13) 170
(19,13) (20,13) 19
(20,13) (19,13) 110
(20,13) (21,13) 166
(21,13) (20,13) 111
(21,13) (22,13) 173
(22,13) (21,13) 10
(22,13) (23,13) 26
(23,13) (22,13) 75
(23,13) (24,13) 199
(24,13) (23,13) 136
(24,13) (25,13) 116
(25,13) (24,13) 165
(25,13) (26,13) 171
(26,13) (25,13) 32
(26,13) (27,13) 146
(27,13) (26,13) 155
(27,13) (28,13) 11
(28,13) (27,13) 81
(28,13) (29,13) 57
(29,13) (28,13) 88
(29,13) (30,13) 4
(30,13) (29,13) 50
(30,13) (31,13) 194
(31,13) (30,13) 173
(31,13) (32,13) 5
(32,13) (31,13) 111
(32,13) (33,13) 25
(33,13) (32,13) 100
(33,13) (34,13) 90
(34,13) (33,13) 199
(34,13) (35,13) 75
(35,13) (34,13) 63
(35,13) (36,13) 177
(36,13) (35,13) 162
(36,13) (37,13) 92
(37,13) (36,13) 167
(37,13) (38,13) 88
(38,13) (37,13) 168
(38,13) (39,13) 187
(39,13) (38,13) 185
(39,13) (40,13) 1
(40,13) (39,13) 77
(40,13) (41,13) 74
(41,13) (40,13) 34
(41,13) (42,13) 164
(42,13) (41,13) 41
(42,13) (43,13) 29
(43,13) (42,13) 139
(43,13) (44,13) 31
(44,13) (43,13) 187
(44,13) (45,13) 22
(45,13) (44,13) 64
(45,13) (46,13) 28
(46,13) (45,13) 85
(46,13) (47,13) 195
(47,13) (46,13) 35
(47,13) (48,13) 71
(48,13) (47,13) 114
(48,13) (49,13) 21
(49,13) (48,13) 102
(49,13) (50,13) 91
(50,13) (49,13) 4
(1,14) (2,14) 174
(2,14) (1,14) 5
(2,14) (3,14) 24
(3,14) (2,14) 187
(3,14) (4,14) 142
(4,14) (3,14) 105
(4,14) (5,14) 58
(5,14) (4,14) 184
(5,14) (6,14) 57
(6,14) (5,14) 160
(6,14) (7,14) 153
(7,14) (6,14) 175
(7,14) (8,14) 96
(8,14) (7,14) 106
(8,14) (9,14) 113
(9,14) (8,14) 107
(9,14) (10,14) 195
(10,14) (9,14) 23
(10,14) (11,14) 86
(11,14) (10,14) 43
(11,14) (12,14) 184
(12,14) (11,14) 92
(12,14) (13,14) 117
(13,14) (12,14) 194
(13,14) (14,14) 139
(14,14) (13,14) 37
(14,14) (15,14) 185
(15,14) (14,14) 156
(15,14) (16,14) 66
(16,14) (15,14) 124
(16,14) (17,14) 161
(17,14) (16,14) 157
(17,14) (18,14) 84
(18,14) (17,14) 151
(18,14) (19,14) 179
(19,14) (18,14) 44
(19,14) (20,14) 69
(20,14) (19,14) 104
(20,14) (21,14) 143
(21,14) (20,14) 68
(21,14) (22,14) 64
(22,14) (21,14) 182
(22,14) (23,14) 34
(23,14) (22,14) 11
(23,14) (24,14) 146
(24,14) (23,14) 144
(24,14) (25,14) 78
(25,14) (24,14) 18
(25,14) (26,14) 111
(26,14) (25,14) 26
(26,14) (27,14) 2
(27,14) (26,14) 93
(27,14) (28,14) 131
(28,14) (27,14) 24
(28,14) (29,14) 107
(29,14) (28,14) 126
(29,14) (30,14) 63
(30,14) (29,14) 175
(30,14) (31,14) 111
(31,14) (30,14) 170
(31,14) (32,14) 37
(32,14) (31,14) 171
(32,14) (33,14) 49
(33,14) (32,14) 173
(33,14) (34,14) 146
(34,14) (33,14) 155
(34,14) (35,14) 174
(35,14) (34,14) 17
(35,14) (36,14) 56
(36,14) (35,14) 9
(36,14) (37,14) 107
(37,14) (36,14) 65
(37,14) (38,14) 101
(38,14) (37,14) 189
(38,14) (39,14) 89
(39,14) (38,14) 91
(39,14) (40,14) 171
(40,14) (39,14) 9
(40,14) (41,14) 78
(41,14) (40,14) 100
(41,14) (42,14) 93
(42,14) (41,14) 159
(42,14) (43,14) 137
(43,14) (42,14) 62
(43,14) (44,14) 170
(44,14) (43,14) 71
(44,14) (45,14) 26
(45,14) (44,14) 93
(45,14) (46,14) 97
(46,14) (45,14) 189
(46,14) (47,14) 84
(47,14) (46,14) 111
(47,14) (48,14) 138
(48,14) (47,14) 39
(48,14) (49,14) 104
(49,14) (48,14) 137
(49,14) (50,14) 61
(50,14) (49,14) 156
(1,15) (2,15) 94
(2,15) (1,15) 22
(2,15) (3,15) 1
(3,15) (2,15) 135
(3,15) (4,15) 162
(4,15) (3,15) 106
(4,15) (5,15) 83
(5,15) (4,15) 179
(5,15) (6,15) 153
(6,15) (5,15) 197
(6,15) (7,15) 40
(7,15) (6,15) 41
(7,15) (8,15) 135
(8,15) (7,15) 60
(8,15) (9,15) 105
(9,15) (8,15) 36
(9,15) (10,15) 167
(10,15) (9,15) 129
(10,15) (11,15) 59
(11,15) (10,15) 166
(11,15) (12,15) 54
(12,15) (11,15) 42
(12,15) (13,15) 79
(13,15) (12,15) 35
(13,15) (14,15) 44
(14,15) (13,15) 55
(14,15) (15,15) 188
(15,15) (14,15) 99
(15,15) (16,15) 80
(16,15) (15,15) 69
(16,15) (17,15) 23
(17,15) (16,15) 61
(17,15) (18,15) 70
(18,15) (17,15) 31
(18,15) (19,15) 85
(19,15) (18,15) 47
(19,15) (20,15) 88
(20,15) (19,15) 197
(20,15) (21,15) 189
(21,15) (20,15) 58
(21,15) (22,15) 79
(22,15) (21,15) 84
(22,15) (23,15) 165
(23,15) (22,15) 98
(23,15) (24,15) 188
(24,15) (23,15) 77
(24,15) (25,15) 71
(25,15) (24,15) 148
(25,15) (26,15) 103
(26,15) (25,15) 98
(26,15) (27,15) 15
(27,15) (26,15) 80
(27,15) (28,15) 58
(28,15) (27,15) 90
(28,15) (29,15) 172
(29,15) (28,15) 5
(29,15) (30,15) 4
(30,15) (29,15) 118
(30,15) (31,15) 128
(31,15) (30,15) 196
(31,15) (32,15) 102
(32,15) (31,15) 12
(32,15) (33,15) 14
(33,15) (32,15) 52
(33,15) (34,15) 123
(34,15) (33,15) 113
(34,15) (35,15) 104
(35,15) (34,15) 28
(35,15) (36,15) 48
(36,15) (35,15) 4
(36,15) (37,15) 153
(37,15) (36,15) 32
(37,15) (38,15) 166
(38,15) (37,15) 21
(38,15) (39,15) 101
(39,15) (38,15) 139
(39,15) (40,15) 24
(40,15) (39,15) 188
(40,15) (41,15) 11
(41,15) (40,15) 35
(41,15) (42,15) 45
(42,15) (41,15) 22
(42,15) (43,15) 181
(43,15) (42,15) 129
(43,15) (44,15) 12
(44,15) (43,15) 145
(44,15) (45,15) 188
(45,15) (44,15) 47
(45,15) (46,15) 111
(46,15) (45,15) 17
(46,15) (47,15) 90
(47,15) (46,15) 197
(47,15) (48,15) 94
(48,15) (47,15) 68
(48,15) (49,15) 93
(49,15) (48,15) 180
(49,15) (50,15) 144
(50,15) (49,15) 39
(1,16) (2,16) 133
(2,16) (1,16) 171
(2,16) (3,16) 200
(3,16) (2,16) 28
(3,16) (4,16) 35
(4,16) (3,16) 32
(4,16) (5,16) 98
(5,16) (4,16) 187
(5,16) (6,16) 189
(6,16) (5,16) 86
(6,16) (7,16) 40
(7,16) (6,16) 28
(7,16) (8,16) 98
(8,16) (7,16) 44
(8,16) (9,16) 78
(9,16) (8,16) 79
(9,16) (10,16) 95
(10,16) (9,16) 55
(10,16) (11,16) 118
(11,16) (10,16) 163
(11,16) (12,16) 3
(12,16) (11,16) 102
(12,16) (13,16) 145
(13,16) (12,16) 163
(13,16) (14,16) 181
(14,16) (13,16) 107
(14,16) (15,16) 147
(15,16) (14,16) 103
(15,16) (16,16) 72
(16,16) (15,16) 89
(16,16) (17,16) 194
(17,16) (16,16) 54
(17,16) (18,16) 9
(18,16) (17,16) 144
(18,16) (19,16) 122
(19,16) (18,16) 32
(19,16) (20,16) 133
(20,16) (19,16) 173
(20,16) (21,16) 31
(21,16) (20,16) 154
(21,16) (22,16) 161
(22,16) (21,16) 183
(22,16) (23,16) 57
(23,16) (22,16) 27
(23,16) (24,16) 87
(24,16) (23,16) 85
(24,16) (25,16) 141
(25,16) (24,16) 67
(25,16) (26,16) 33
(26,16) (25,16) 107
(26,16) (27,16) 86
(27,16) (26,16) 180
(27,16) (28,16) 46
(28,16) (27,16) 156
(28,16) (29,16) 175
(29,16) (28,16) 184
(29,16) (30,16) 54
(30,16) (29,16) 121
(30,16) (31,16) 19
(31,16) (30,16) 122
(31,16) (32,16) 68
(32,16) (31,16) 23
(32,16) (33,16) 67
(33,16) (32,16) 8
(33,16) (34,16) 199
(34,16) (33,16) 134
(34,16) (35,16) 108
(35,16) (34,16) 150
(35,16) (36,16) 92
(36,16) (35,16) 125
(36,16) (37,16) 187
(37,16) (36,16) 134
(37,16) (38,16) 140
(38,16) (37,16) 115
(38,16) (39,16) 117
(39,16) (38,16) 91
(39,16) (40,16) 166
(40,16) (39,16) 49
(40,16) (41,16) 143
(41,16) (40,16) 126
(41,16) (42,16) 17
(42,16) (41,16) 132
(42,16) (43,16) 14
(43,16) (42,16) 175
(43,16) (44,16) 111
(44,16) (43,16) 150
(44,16) (45,16) 76
(45,16) (44,16) 197
(45,16) (46,16) 177
(46,16) (45,16) 140
(46,16) (47,16) 113
(47,16) (46,16) 192
(47,16) (48,16) 139
(48,16) (47,16) 130
(48,16) (49,16) 146
(49,16) (48,16) 19
(49,16) (50,16) 124
(50,16) (49,16) 185
(1,17) (2,17) 72
(2,17) (1,17) 56
(2,17) (3,17) 53
(3,17) (2,17) 139
(3,17) (4,17) 95
(4,17) (3,17) 44
(4,17) (5,17) 19
(5,17) (4,17) 38
(5,17) (6,17) 49
(6,17) (5,17) 145
(6,17) (7,17) 27
(7,17) (6,17) 180
(7,17) (8,17) 47
(8,17) (7,17) 130
(8,17) (9,17) 9
(9,17) (8,17) 60
(9,17) (10,17) 59
(10,17) (9,17) 177
(10,17) (11,17) 148
(11,17) (10,17) 176
(11,17) (12,17) 77
(12,17) (11,17) 196
(12,17) (13,17) 73
(13,17) (12,17) 199
(13,17) (14,17) 96
(14,17) (13,17) 191
(14,17) (15,17) 163
(15,17) (14,17) 117
(15,17) (16,17) 56
(16,17) (15,17) 187
(16,17) (17,17) 76
(17,17) (16,17) 31
(17,17) (18,17) 115
(18,17) (17,17) 107
(18,17) (19,17) 75
(19,17) (18,17) 99
(19,17) (20,17) 57
(20,17) (19,17) 7
(20,17) (21,17) 10
(21,17) (20,17) 179
(21,17) (22,17) 97
(22,17) (21,17) 177
(22,17) (23,17) 162
(23,17) (22,17) 2
(23,17) (24,17) 121
(24,17) (23,17) 37
(24,17) (25,17) 61
(25,17) (24,17) 119
(25,17) (26,17) 73
(26,17) (25,17) 30
(26,17) (27,17) 200
(27,17) (26,17) 95
(27,17) (28,17) 13
(28,17) (27,17) 36
(28,17) (29,17) 43
(29,17) (28,17) 39
(29,17) (30,17) 38
(30,17) (29,17) 113
(30,17) (31,17) 39
(31,17) (30,17) 126
(31,17) (32,17) 67
(32,17) (31,17) 26
(32,17) (33,17) 50
(33,17) (32,17) 137
(33,17) (34,17) 17
(34,17) (33,17) 3
(34,17) (35,17) 26
(35,17) (34,17) 177
(35,17) (36,17) 140
(36,17) (35,17) 3
(36,17) (37,17) 188
(37,17) (36,17) 111
(37,17) (38,17) 25
(38,17) (37,17) 175
(38,17) (39,17) 71
(39,17) (38,17) 175
(39,17) (40,17) 90
(40,17) (39,17) 26
(40,17) (41,17) 74
(41,17) (40,17) 194
(41,17) (42,17) 76
(42,17) (41,17) 170
(42,17) (43,17) 23
(43,17) (42,17) 29
(43,17) (44,17) 97
(44,17) (43,17) 54
(44,17) (45,17) 187
(45,17) (44,17) 183
(45,17) (46,17) 93
(46,17) (45,17) 83
(46,17) (47,17) 130
(47,17) (46,17) 16
(47,17) (48,17) 151
(48,17) (47,17) 118
(48,17) (49,17) 100
(49,17) (48,17) 165
(49,17) (50,17) 70
(50,17) (49,17) 164
(1,18) (2,18) 38
(2,18) (1,18) 169
(2,18) (3,18) 93
(3,18) (2,18) 77
(3,18) (4,18) 6
(4,18) (3,18) 133
(4,18) (5,18) 37
(5,18) (4,18) 22
(5,18) (6,18) 151
(6,18) (5,18) 15
(6,18) (7,18) 141
(7,18) (6,18) 198
(7,18) (8,18) 20
(8,18) (7,18) 24
(8,18) (9,18) 192
(9,18) (8,18) 96
(9,18) (10,18) 93
(10,18) (9,18) 191
(10,18) (11,18) 68
(11,18) (10,18) 112
(11,18) (12,18) 108
(12,18) (11,18) 180
(12,18) (13,18) 162
(13,18) (12,18) 97
(13,18) (14,18) 139
(14,18) (13,18) 87
(14,18) (15,18) 159
(15,18) (14,18) 130
(15,18) (16,18) 19
(16,18) (15,18) 87
(16,18) (17,18) 94
(17,18) (16,18) 129
(17,18) (18,18) 59
(18,18) (17,18) 166
(18,18) (19,18) 103
(19,18) (18,18) 119
(19,18) (20,18) 195
(20,18) (19,18) 25
(20,18) (21,18) 72
(21,18) (20,18) 132
(21,18) (22,18) 52
(22,18) (21,18) 46
(22,18) (23,18) 111
(23,18) (22,18) 83
(23,18) (24,18) 135
(24,18) (23,18) 158
(24,18) (25,18) 129
(25,18) (24,18) 118
(25,18) (26,18) 78
(26,18) (25,18) 34
(26,18) (27,18) 186
(27,18) (26,18) 132
(27,18) (28,18) 83
(28,18) (27,18) 42
(28,18) (29,18) 129
(29,18) (28,18) 55
(29,18) (30,18) 107
(30,18) (29,18) 191
(30,18) (31,18) 47
(31,18) (30,18) 90
(31,18) (32,18) 6
(32,18) (31,18) 66
(32,18) (33,18) 13
(33,18) (32,18) 31
(33,18) (34,18) 165
(34,18) (33,18) 78
(34,18) (35,18) 127
(35,18) (34,18) 23
(35,18) (36,18) 145
(36,18) (35,18) 177
(36,18) (37,18) 16
(37,18) (36,18) 195
(37,18) (38,18) 4
(38,18) (37,18) 96
(38,18) (39,18) 115
(39,18) (38,18) 191
(39,18) (40,18) 102
(40,18) (39,18) 112
(40,18) (41,18) 67
(41,18) (40,18) 38
(41,18) (42,18) 151
(42,18) (41,18) 160
(42,18) (43,18) 64
(43,18) (42,18) 129
(43,18) (44,18) 35
(44,18) (43,18) 35
(44,18) (45,18) 46
(45,18) (44,18) 184
(45,18) (46,18) 23
(46,18) (45,18) 21
(46,18) (47,18) 140
(47,18) (46,18) 195
(47,18) (48,18) 135
(48,18) (47,18) 99
(48,18) (49,18) 86
(49,18) (48,18) 18
(49,18) (50,18) 177
(50,18) (49,18) 132
(1,19) (2,19) 96
(2,19) (1,19) 169
(2,19) (3,19) 153
(3,19) (2,19) 14
(3,19) (4,19) 23
(4,19) (3,19) 15
(4,19) (5,19) 18
(5,19) (4,19) 105
(5,19) (6,19) 197
(6,19) (5,19) 70
(6,19) (7,19) 30
(7,19) (6,19) 49
(7,19) (8,19) 129
(8,19) (7,19) 5
(8,19) (9,19) 171
(9,19) (8,19) 7
(9,19) (10,19) 105
(10,19) (9,19) 96
(10,19) (11,19) 154
(11,19) (10,19) 86
(11,19) (12,19) 173
(12,19) (11,19) 137
(12,19) (13,19) 180
(13,19) (12,19) 171
(13,19) (14,19) 49
(14,19) (13,19) 16
(14,19) (15,19) 171
(15,19) (14,19) 13
(15,19) (16,19) 111
(16,19) (15,19) 118
(16,19) (17,19) 42
(17,19) (16,19) 124
(17,19) (18,19) 158
(18,19) (17,19) 7
(18,19) (19,19) 186
(19,19) (18,19) 63
(19,19) (20,19) 187
(20,19) (19,19) 110
(20,19) (21,19) 154
(21,19) (20,19) 157
(21,19) (22,19) 26
(22,19) (21,19) 122
(22,19) (23,19) 3
(23,19) (22,19) 5
(23,19) (24,19) 81
(24,19) (23,19) 166
(24,19) (25,19) 37
(25,19) (24,19) 89
(25,19) (26,19) 105
(26,19) (25,19) 159
(26,19) (27,19) 153
(27,19) (26,19) 189
(27,19) (28,19) 186
(28,19) (27,19) 198
(28,19) (29,19) 197
(29,19) (28,19) 22
(29,19) (30,19) 186
(30,19) (29,19) 133
(30,19) (31,19) 93
(31,19) (30,19) 45
(31,19) (32,19) 186
(32,19) (31,19) 166
(32,19) (33,19) 156
(33,19) (32,19) 98
(33,19) (34,19) 94
(34,19) (33,19) 55
(34,19) (35,19) 30
(35,19) (34,19) 118
(35,19) (36,19) 134
(36,19) (35,19) 42
(36,19) (37,19) 169
(37,19) (36,19) 176
(37,19) (38,19) 125
(38,19) (37,19) 17
(38,19) (39,19) 80
(39,19) (38,19) 65
(39,19) (40,19) 157
(40,19) (39,19) 183
(40,19) (41,19) 139
(41,19) (40,19) 188
(41,19) (42,19) 181
(42,19) (41,19) 89
(42,19) (43,19) 71
(43,19) (42,19) 53
(43,19) (44,19) 33
(44,19) (43,19) 155
(44,19) (45,19) 53
(45,19) (44,19) 194
(45,19) (46,19) 28
(46,19) (45,19) 71
(46,19) (47,19) 146
(47,19) (46,19) 94
(47,19) (48,19) 37
(48,19) (47,19) 184
(48,19) (49,19) 107
(49,19) (48,19) 162
(49,19) (50,19) 115
(50,19) (49,19) 12
(1,20) (2,20) 106
(2,20) (1,20) 39
(2,20) (3,20) 93
(3,20) (2,20) 168
(3,20) (4,20) 65
(4,20) (3,20) 7
(4,20) (5,20) 139
(5,20) (4,20) 14
(5,20) (6,20) 82
(6,20) (5,20) 121
(6,20) (7,20) 3
(7,20) (6,20) 194
(7,20) (8,20) 160
(8,20) (7,20) 10
(8,20) (9,20) 161
(9,20) (8,20) 170
(9,20) (10,20) 118
(10,20) (9,20) 33
(10,20) (11,20) 46
(11,20) (10,20) 179
(11,20) (12,20) 26
(12,20) (11,20) 51
(12,20) (13,20) 75
(13,20) (12,20) 128
(13,20) (14,20) 86
(14,20) (13,20) 21
(14,20) (15,20) 154
(15,20) (14,20) 158
(15,20) (16,20) 179
(16,20) (15,20) 72
(16,20) (17,20) 89
(17,20) (16,20) 99
(17,20) (18,20) 50
(18,20) (17,20) 103
(18,20) (19,20) 181
(19,20) (18,20) 180
(19,20) (20,20) 96
(20,20) (19,20) 92
(20,20) (21,20) 23
(21,20) (20,20) 174
(21,20) (22,20) 100
(22,20) (21,20) 152
(22,20) (23,20) 157
(23,20) (22,20) 92
(23,20) (24,20) 137
(24,20) (23,20) 65
(24,20) (25,20) 127
(25,20) (24,20) 31
(25,20) (26,20) 11
(26,20) (25,20) 37
(26,20) (27,20) 124
(27,20) (26,20) 76
(27,20) (28,20) 192
(28,20) (27,20) 133
(28,20) (29,20) 153
(29,20) (28,20) 135
(29,20) (30,20) 60
(30,20) (29,20) 46
(30,20) (31,20) 158
(31,20) (30,20) 53
(31,20) (32,20) 88
(32,20) (31,20) 105
(32,20) (33,20) 93
(33,20) (32,20) 135
(33,20) (34,20) 17
(34,20) (33,20) 81
(34,20) (35,20) 152
(35,20) (34,20) 146
(35,20) (36,20) 152
(36,20) (35,20) 148
(36,20) (37,20) 45
(37,20) (36,20) 3
(37,20) (38,20) 12
(38,20) (37,20) 187
(38,20) (39,20) 48
(39,20) (38,20) 57
(39,20) (40,20) 8
(40,20) (39,20) 36
(40,20) (41,20) 62
(41,20) (40,20) 131
(41,20) (42,20) 113
(42,20) (41,20) 63
(42,20) (43,20) 153
(43,20) (42,20) 136
(43,20) (44,20) 121
(44,20) (43,20) 5
(44,20) (45,20) 181
(45,20) (44,20) 109
(45,20) (46,20) 153
(46,20) (45,20) 147
(46,20) (47,20) 101
(47,20) (46,20) 80
(47,20) (48,20) 151
(48,20) (47,20) 127
(48,20) (49,20) 3
(49,20) (48,20) 148
(49,20) (50,20) 91
(50,20) (49,20) 186
(1,21) (2,21) 179
(2,21) (1,21) 54
(2,21) (3,21) 199
(3,21) (2,21) 139
(3,21) (4,21) 138
(4,21) (3,21) 59
(4,21) (5,21) 67
(5,21) (4,21) 29
(5,21) (6,21) 24
(6,21) (5,21) 188
(6,21) (7,21) 139
(7,21) (6,21) 62
(7,21) (8,21) 111
(8,21) (7,21) 122
(8,21) (9,21) 102
(9,21) (8,21) 112
(9,21) (10,21) 47
(10,21) (9,21) 12
(10,21) (11,21) 10
(11,21) (10,21) 125
(11,21) (12,21) 16
(12,21) (11,21) 7
(12,21) (13,21) 81
(13,21) (12,21) 187
(13,21) (14,21) 59
(14,21) (13,21) 149
(14,21) (15,21) 106
(15,21) (14,21) 47
(15,21) (16,21) 45
(16,21) (15,21) 62
(16,21) (17,21) 198
(17,21) (16,21) 22
(17,21) (18,21) 41
(18,21) (17,21) 107
(18,21) (19,21) 72
(19,21) (18,21) 134
(19,21) (20,21) 169
(20,21) (19,21) 58
(20,21) (21,21) 128
(21,21) (20,21) 154
(21,21) (22,21) 57
(22,21) (21,21) 3
(22,21) (23,21) 124
(23,21) (22,21) 61
(23,21) (24,21) 64
(24,21) (23,21) 136
(24,21) (25,21) 187
(25,21) (24,21) 38
(25,21) (26,21) 52
(26,21) (25,21) 147
(26,21) (27,21) 48
(27,21) (26,21) 146
(27,21) (28,21) 56
(28,21) (27,21) 106
(28,21) (29,21) 167
(29,21) (28,21) 96
(29,21) (30,21) 124
(30,21) (29,21) 118
(30,21) (31,21) 167
(31,21) (30,21) 13
(31,21) (32,21) 58
(32,21) (31,21) 194
(32,21) (33,21) 12
(33,21) (32,21) 128
(33,21) (34,21) 200
(34,21) (33,21) 158
(34,21) (35,21) 200
(35,21) (34,21) 175
(35,21) (36,21) 23
(36,21) (35,21) 186
(36,21) (37,21) 21
(37,21) (36,21) 152
(37,21) (38,21) 167
(38,21) (37,21) 184
(38,21) (39,21) 161
(39,21) (38,21) 108
(39,21) (40,21) 4
(40,21) (39,21) 26
(40,21) (41,21) 79
(41,21) (40,21) 29
(41,21) (42,21) 82
(42,21) (41,21) 35
(42,21) (43,21) 198
(43,21) (42,21) 9
(43,21) (44,21) 40
(44,21) (43,21) 186
(44,21) (45,21) 48
(45,21) (44,21) 198
(45,21) (46,21) 108
(46,21) (45,21) 192
(46,21) (47,21) 169
(47,21) (46,21) 197
(47,21) (48,21) 91
(48,21) (47,21) 35
(48,21) (49,21) 98
(49,21) (48,21) 100
(49,21) (50,21) 11
(50,21) (49,21) 67
(1,22) (2,22) 33
(2,22) (1,22) 35
(2,22) (3,22) 31
(3,22) (2,22) 57
(3,22) (4,22) 151
(4,22) (3,22) 57
(4,22) (5,22) 182
(5,22) (4,22) 136
(5,22) (6,22) 13
(6,22) (5,22) 166
(6,22) (7,22) 168
(7,22) (6,22) 75
(7,22) (8,22) 36
(8,22) (7,22) 8
(8,22) (9,22) 86
(9,22) (8,22) 150
(9,22) (10,22) 88
(10,22) (9,22) 108
(10,22) (11,22) 149
(11,22) (10,22) 89
(11,22) (12,22) 96
(12,22) (11,22) 34
(12,22) (13,22) 167
(13,22) (12,22) 151
(13,22) (14,22) 4
(14,22) (13,22) 60
(14,22) (15,22) 174
(15,22) (14,22) 101
(15,22) (16,22) 67
(16,22) (15,22) 31
(16,22) (17,22) 157
(17,22) (16,22) 77
(17,22) (18,22) 73
(18,22) (17,22) 167
(18,22) (19,22) 30
(19,22) (18,22) 42
(19,22) (20,22) 145
(20,22) (19,22) 33
(20,22) (21,22) 17
(21,22) (20,22) 198
(21,22) (22,22) 133
(22,22) (21,22) 81
(22,22) (23,22) 135
(23,22) (22,22) 95
(23,22) (24,22) 63
(24,22) (23,22) 68
(24,22) (25,22) 172
(25,22) (24,22) 57
(25,22) (26,22) 26
(26,22) (25,22) 144
(26,22) (27,22) 90
(27,22) (26,22) 45
(27,22) (28,22) 66
(28,22) (27,22) 160
(28,22) (29,22) 184
(29,22) (28,22) 46
(29,22) (30,22) 197
(30,22) (29,22) 76
(30,22) (31,22) 183
(31,22) (30,22) 44
(31,22) (32,22) 140
(32,22) (31,22) 165
(32,22) (33,22) 92
(33,22) (32,22) 130
(33,22) (34,22) 194
(34,22) (33,22) 141
(34,22) (35,22) 14
(35,22) (34,22) 74
(35,22) (36,22) 16
(36,22) (35,22) 69
(36,22) (37,22) 182
(37,22) (36,22) 120
(37,22) (38,22) 91
(38,22) (37,22) 200
(38,22) (39,22) 158
(39,22) (38,22) 123
(39,22) (40,22) 155
(40,22) (39,22) 197
(40,22) (41,22) 168
(41,22) (40,22) 112
(41,22) (42,22) 136
(42,22) (41,22) 114
(42,22) (43,22) 156
(43,22) (42,22) 153
(43,22) (44,22) 75
(44,22) (43,22) 75
(44,22) (45,22) 77
(45,22) (44,22) 11
(45,22) (46,22) 22
(46,22) (45,22) 66
(46,22) (47,22) 160
(47,22) (46,22) 157
(47,22) (48,22) 57
(48,22) (47,22) 161
(48,22) (49,22) 10
(49,22) (48,22) 36
(49,22) (50,22) 50
(50,22) (49,22) 163
(1,23) (2,23) 166
(2,23) (1,23) 139
(2,23) (3,23) 96
(3,23) (2,23) 104
(3,23) (4,23) 15
(4,23) (3,23) 24
(4,23) (5,23) 92
(5,23) (4,23) 167
(5,23) (6,23) 200
(6,23) (5,23) 74
(6,23) (7,23) 29
(7,23) (6,23) 166
(7,23) (8,23) 62
(8,23) (7,23) 78
(8,23) (9,23) 151
(9,23) (8,23) 68
(9,23) (10,23) 94
(10,23) (9,23) 137
(10,23) (11,23) 95
(11,23) (10,23) 112
(11,23) (12,23) 88
(12,23) (11,23) 144
(12,23) (13,23) 5
(13,23) (12,23) 67
(13,23) (14,23) 192
(14,23) (13,23) 75
(14,23) (15,23) 54
(15,23) (14,23) 199
(15,23) (16,23) 133
(16,23) (15,23) 136
(16,23) (17,23) 156
(17,23) (16,23) 35
(17,23) (18,23) 71
(18,23) (17,23) 83
(18,23) (19,23) 117
(19,23) (18,23) 63
(19,23) (20,23) 42
(20,23) (19,23) 107
(20,23) (21,23) 117
(21,23) (20,23) 58
(21,23) (22,23) 194
(22,23) (21,23) 104
(22,23) (23,23) 105
(23,23) (22,23) 107
(23,23) (24,23) 81
(24,23) (23,23) 81
(24,23) (25,23) 65
(25,23) (24,23) 36
(25,23) (26,23) 68
(26,23) (25,23) 74
(26,23) (27,23) 185
(27,23) (26,23) 34
(27,23) (28,23) 87
(28,23) (27,23) 162
(28,23) (29,23) 172
(29,23) (28,23) 25
(29,23) (30,23) 32
(30,23) (29,23) 26
(30,23) (31,23) 134
(31,23) (30,23) 117
(31,23) (32,23) 119
(32,23) (31,23) 137
(32,23) (33,23) 172
(33,23) (32,23) 115
(33,23) (34,23) 23
(34,23) (33,23) 165
(34,23) (35,23) 18
(35,23) (34,23) 29
(35,23) (36,23) 57
(36,23) (35,23) 109
(36,23) (37,23) 89
(37,23) (36,23) 173
(37,23) (38,23) 150
(38,23) (37,23) 1
(38,23) (39,23) 114
(39,23) (38,23) 25
(39,23) (40,23) 103
(40,23) (39,23) 131
(40,23) (41,23) 196
(41,23) (40,23) 84
(41,23) (42,23) 27
(42,23) (41,23) 159
(42,23) (43,23) 126
(43,23) (42,23) 182
(43,23) (44,23) 188
(44,23) (43,23) 116
(44,23) (45,23) 89
(45,23) (44,23) 97
(45,23) (46,23) 198
(46,23) (45,23) 175
(46,23) (47,23) 53
(47,23) (46,23) 4
(47,23) (48,23) 37
(48,23) (47,23) 61
(48,23) (49,23) 143
(49,23) (48,23) 21
(49,23) (50,23) 66
(50,23) (49,23) 70
(1,24) (2,24) 156
(2,24) (1,24) 87
(2,24) (3,24) 89
(3,24) (2,24) 121
(3,24) (4,24) 20
(4,24) (3,24) 132
(4,24) (5,24) 171
(5,24) (4,24) 98
(5,24) (6,24) 133
(6,24) (5,24) 75
(6,24) (7,24) 187
(7,24) (6,24) 153
(7,24) (8,24) 59
(8,24) (7,24) 154
(8,24) (9,24) 150
(9,24) (8,24) 132
(9,24) (10,24) 57
(10,24) (9,24) 159
(10,24) (11,24) 60
(11,24) (10,24) 188
(11,24) (12,24) 79
(12,24) (11,24) 88
(12,24) (13,24) 190
(13,24) (12,24) 69
(13,24) (14,24) 9
(14,24) (13,24) 75
(14,24) (15,24) 67
(15,24) (14,24) 86
(15,24) (16,24) 63
(16,24) (15,24) 31
(16,24) (17,24) 107
(17,24) (16,24) 113
(17,24) (18,24) 182
(18,24) (17,24) 41
(18,24) (19,24) 142
(19,24) (18,24) 85
(19,24) (20,24) 194
(20,24) (19,24) 107
(20,24) (21,24) 26
(21,24) (20,24) 190
(21,24) (22,24) 118
(22,24) (21,24) 86
(22,24) (23,24) 104
(23,24) (22,24) 150
(23,24) (24,24) 130
(24,24) (23,24) 1
(24,24) (25,24) 18
(25,24) (24,24) 69
(25,24) (26,24) 8
(26,24) (25,24) 2
(26,24) (27,24) 195
(27,24) (26,24) 36
(27,24) (28,24) 195
(28,24) (27,24) 160
(28,24) (29,24) 51
(29,24) (28,24) 24
(29,24) (30,24) 36
(30,24) (29,24) 195
(30,24) (31,24) 69
(31,24) (30,24) 145
(31,24) (32,24) 58
(32,24) (31,24) 36
(32,24) (33,24) 38
(33,24) (32,24) 114
(33,24) (34,24) 173
(34,24) (33,24) 142
(34,24) (35,24) 44
(35,24) (34,24) 51
(35,24) (36,24) 151
(36,24) (35,24) 126
(36,24) (37,24) 1
(37,24) (36,24) 121
(37,24) (38,24) 168
(38,24) (37,24) 102
(38,24) (39,24) 139
(39,24) (38,24) 40
(39,24) (40,24) 5
(40,24) (39,24) 36
(40,24) (41,24) 58
(41,24) (40,24) 87
(41,24) (42,24) 29
(42,24) (41,24) 122
(42,24) (43,24) 85
(43,24) (42,24) 137
(43,24) (44,24) 23
(44,24) (43,24) 63
(44,24) (45,24) 1
(45,24) (44,24) 20
(45,24) (46,24) 194
(46,24) (45,24) 91
(46,24) (47,24) 7
(47,24) (46,24) 162
(47,24) (48,24) 155
(48,24) (47,24) 63
(48,24) (49,24) 24
(49,24) (48,24) 109
(49,24) (50,24) 37
(50,24) (49,24) 114
(1,25) (2,25) 151
(2,25) (1,25) 136
(2,25) (3,25) 136
(3,25) (2,25) 73
(3,25) (4,25) 164
(4,25) (3,25) 112
(4,25) (5,25) 168
(5,25) (4,25) 158
(5,25) (6,25) 129
(6,25) (5,25) 57
(6,25) (7,25) 25
(7,25) (6,25) 41
(7,25) (8,25) 106
(8,25) (7,25) 77
(8,25) (9,25) 132
(9,25) (8,25) 116
(9,25) (10,25) 6
(10,25) (9,25) 71
(10,25) (11,25) 177
(11,25) (10,25) 167
(11,25) (12,25) 140
(12,25) (11,25) 78
(12,25) (13,25) 193
(13,25) (12,25) 109
(13,25) (14,25) 20
(14,25) (13,25) 165
(14,25) (15,25) 94
(15,25) (14,25) 86
(15,25) (16,25) 132
(16,25) (15,25) 127
(16,25) (17,25) 17
(17,25) (16,25) 35
(17,25) (18,25) 155
(18,25) (17,25) 159
(18,25) (19,25) 40
(19,25) (18,25) 176
(19,25) (20,25) 190
(20,25) (19,25) 22
(20,25) (21,25) 66
(21,25) (20,25) 35
(21,25) (22,25) 28
(22,25) (21,25) 158
(22,25) (23,25) 48
(23,25) (22,25) 115
(23,25) (24,25) 95
(24,25) (23,25) 75
(24,25) (25,25) 162
(25,25) (24,25) 67
(25,25) (26,25) 194
(26,25) (25,25) 42
(26,25) (27,25) 139
(27,25) (26,25) 118
(27,25) (28,25) 153
(28,25) (27,25) 193
(28,25) (29,25) 187
(29,25) (28,25) 13
(29,25) (30,25) 42
(30,25) (29,25) 157
(30,25) (31,25) 143
(31,25) (30,25) 36
(31,25) (32,25) 103
(32,25) (31,25) 59
(32,25) (33,25) 118
(33,25) (32,25) 146
(33,25) (34,25) 124
(34,25) (33,25) 102
(34,25) (35,25) 42
(35,25) (34,25) 119
(35,25) (36,25) 163
(36,25) (35,25) 191
(36,25) (37,25) 113
(37,25) (36,25) 152
(37,25) (38,25) 161
(38,25) (37,25) 99
(38,25) (39,25) 200
(39,25) (38,25) 109
(39,25) (40,25) 116
(40,25) (39,25) 190
(40,25) (41,25) 139
(41,25) (40,25) 180
(41,25) (42,25) 140
(42,25) (41,25) 157
(42,25) (43,25) 83
(43,25) (42,25) 55
(43,25) (44,25) 68
(44,25) (43,25) 65
(44,25) (45,25) 140
(45,25) (44,25) 128
(45,25) (46,25) 196
(46,25) (45,25) 39
(46,25) (47,25) 10
(47,25) (46,25) 148
(47,25) (48,25) 43
(48,25) (47,25) 45
(48,25) (49,25) 192
(49,25) (48,25) 37
(49,25) (50,25) 70
(50,25) (49,25) 7
(1,25) t 68
(2,25) t 34
(3,25) t 31
(4,25) t 175
(5,25) t 26
(6,25) t 169
(7,25) t 164
(8,25) t 19
(9,25) t 60
(10,25) t 149
(11,25) t 54
(12,25) t 57
(13,25) t 131
(14,25) t 19
(15,25) t 194
(16,25) t 85
(17,25) t 188
(18,25) t 37
(19,25) t 168
(20,25) t 122
(21,25) t 66
(22,25) t 113
(23,25) t 157
(24,25) t 79
(25,25) t 43
(26,25) t 164
(27,25) t 63
(28,25) t 153
(29,25) t 178
(30,25) t 48
(31,25) t 196
(32,25) t 111
(33,25) t 81
(34,25) t 69
(35,25) t 8
(36,25) t 11
(37,25) t 161
(38,25) t 148
(39,25) t 81
(40,25) t 148
(41,25) t 24
(42,25) t 126
(43,25) t 192
(44,25) t 32
(45,25) t 85
(46,25) t 138
(47,25) t 199
(48,25) t 22
(49,25) t 98
(50,25) t 102
